   0           0.100E+01           0.100E+01           0.100E+01           0.100E+01           0.100E+01
   1           0.900E+01           0.820E-05           0.820E-05           0.100E+01           0.304E+00
   2           0.310E+02           0.549E-05           0.549E-05           0.100E+01           0.157E+00
   3           0.490E+02           0.240E-05           0.240E-05           0.100E+01           0.130E+00
   4           0.105E+03           0.139E-05           0.139E-05           0.100E+01           0.919E-01
   5           0.175E+03           0.111E-05           0.111E-05           0.100E+01           0.730E-01
   6           0.225E+03           0.730E-06           0.730E-06           0.100E+01           0.688E-01
   7           0.301E+03           0.548E-06           0.548E-06           0.100E+01           0.591E-01
   8           0.381E+03           0.442E-06           0.442E-06           0.100E+01           0.481E-01
   9           0.571E+03           0.286E-06           0.286E-06           0.100E+01           0.407E-01
  10           0.625E+03           0.245E-06           0.245E-06           0.100E+01           0.383E-01
  11           0.729E+03           0.206E-06           0.206E-06           0.100E+01           0.373E-01
  12           0.907E+03           0.164E-06           0.164E-06           0.100E+01           0.328E-01
  13           0.109E+04           0.140E-06           0.140E-06           0.100E+01           0.313E-01
  14           0.125E+04           0.114E-06           0.114E-06           0.100E+01           0.281E-01
  15           0.131E+04           0.104E-06           0.104E-06           0.100E+01           0.279E-01
  16           0.167E+04           0.878E-07           0.878E-07           0.100E+01           0.245E-01
  17           0.186E+04           0.748E-07           0.748E-07           0.100E+01           0.235E-01
  18           0.208E+04           0.659E-07           0.659E-07           0.100E+01           0.217E-01
  19           0.218E+04           0.601E-07           0.601E-07           0.100E+01           0.221E-01
  20           0.252E+04           0.528E-07           0.528E-07           0.100E+01           0.196E-01
  21           0.286E+04           0.456E-07           0.456E-07           0.100E+01           0.188E-01
  22           0.299E+04           0.431E-07           0.431E-07           0.100E+01           0.180E-01
  23           0.330E+04           0.391E-07           0.391E-07           0.100E+01           0.171E-01
  24           0.356E+04           0.342E-07           0.342E-07           0.100E+01           0.169E-01
  25           0.402E+04           0.305E-07           0.305E-07           0.100E+01           0.160E-01
  26           0.430E+04           0.276E-07           0.277E-07           0.100E+01           0.156E-01
  27           0.453E+04           0.256E-07           0.256E-07           0.100E+01           0.148E-01
  28           0.498E+04           0.239E-07           0.239E-07           0.100E+01           0.149E-01
  29           0.528E+04           0.221E-07           0.221E-07           0.100E+01           0.143E-01
  30           0.561E+04           0.204E-07           0.204E-07           0.100E+01           0.139E-01
  31           0.607E+04           0.184E-07           0.184E-07           0.100E+01           0.134E-01
  32           0.630E+04           0.171E-07           0.171E-07           0.100E+01           0.129E-01
  33           0.690E+04           0.159E-07           0.159E-07           0.100E+01           0.123E-01
  34           0.738E+04           0.151E-07           0.151E-07           0.100E+01           0.119E-01
  35           0.760E+04           0.139E-07           0.139E-07           0.100E+01           0.120E-01
  36           0.823E+04           0.129E-07           0.129E-07           0.100E+01           0.115E-01
  37           0.858E+04           0.121E-07           0.121E-07           0.100E+01           0.109E-01
  38           0.913E+04           0.113E-07           0.113E-07           0.100E+01           0.109E-01
  39           0.938E+04           0.107E-07           0.107E-07           0.100E+01           0.108E-01
  40           0.101E+05           0.987E-08           0.988E-08           0.100E+01           0.102E-01
  41           0.107E+05           0.935E-08           0.937E-08           0.100E+01           0.101E-01
  42           0.110E+05           0.874E-08           0.875E-08           0.100E+01           0.994E-02
  43           0.117E+05           0.832E-08           0.833E-08           0.100E+01           0.968E-02
  44           0.120E+05           0.790E-08           0.791E-08           0.100E+01           0.928E-02
  45           0.130E+05           0.745E-08           0.746E-08           0.100E+01           0.923E-02
  46           0.131E+05           0.705E-08           0.706E-08           0.100E+01           0.931E-02
  47           0.138E+05           0.675E-08           0.676E-08           0.100E+01           0.884E-02
  48           0.145E+05           0.626E-08           0.627E-08           0.100E+01           0.859E-02
  49           0.152E+05           0.610E-08           0.611E-08           0.100E+01           0.849E-02
  50           0.159E+05           0.573E-08           0.575E-08           0.100E+01           0.850E-02
  51           0.161E+05           0.549E-08           0.551E-08           0.100E+01           0.847E-02
  52           0.171E+05           0.520E-08           0.522E-08           0.100E+01           0.807E-02
  53           0.177E+05           0.509E-08           0.511E-08           0.100E+01           0.790E-02
  54           0.182E+05           0.483E-08           0.484E-08           0.100E+01           0.795E-02
  55           0.188E+05           0.457E-08           0.459E-08           0.100E+01           0.807E-02
  56           0.196E+05           0.436E-08           0.438E-08           0.100E+01           0.797E-02
  57           0.207E+05           0.420E-08           0.422E-08           0.100E+01           0.766E-02
  58           0.210E+05           0.395E-08           0.396E-08           0.100E+01           0.734E-02
  59           0.217E+05           0.381E-08           0.383E-08           0.100E+01           0.727E-02
  60           0.229E+05           0.361E-08           0.363E-08           0.100E+01           0.720E-02
  61           0.233E+05           0.352E-08           0.354E-08           0.100E+01           0.736E-02
  62           0.243E+05           0.340E-08           0.342E-08           0.100E+01           0.737E-02
  63           0.244E+05           0.325E-08           0.327E-08           0.100E+01           0.733E-02
  64           0.258E+05           0.311E-08           0.313E-08           0.100E+01           0.713E-02
  66           0.690E+04           0.288E-08           0.288E-08           0.100E+01           0.158E-01
  68           0.738E+04           0.276E-08           0.276E-08           0.100E+01           0.171E-01
  70           0.760E+04           0.250E-08           0.250E-08           0.100E+01           0.165E-01
  72           0.823E+04           0.236E-08           0.236E-08           0.100E+01           0.158E-01
  74           0.858E+04           0.220E-08           0.220E-08           0.100E+01           0.160E-01
  76           0.913E+04           0.206E-08           0.206E-08           0.100E+01           0.159E-01
  78           0.938E+04           0.194E-08           0.194E-08           0.100E+01           0.168E-01
  80           0.101E+05           0.182E-08           0.182E-08           0.100E+01           0.133E-01
  82           0.107E+05           0.171E-08           0.171E-08           0.100E+01           0.146E-01
  84           0.110E+05           0.162E-08           0.162E-08           0.100E+01           0.159E-01
  86           0.117E+05           0.152E-08           0.152E-08           0.100E+01           0.155E-01
  88           0.120E+05           0.143E-08           0.143E-08           0.100E+01           0.169E-01
  90           0.130E+05           0.135E-08           0.135E-08           0.100E+01           0.161E-01
  92           0.131E+05           0.131E-08           0.131E-08           0.100E+01           0.162E-01
  94           0.138E+05           0.123E-08           0.123E-08           0.100E+01           0.170E-01
  96           0.145E+05           0.115E-08           0.115E-08           0.100E+01           0.168E-01
  98           0.152E+05           0.109E-08           0.109E-08           0.100E+01           0.162E-01
 100           0.159E+05           0.106E-08           0.106E-08           0.100E+01           0.162E-01
 102           0.161E+05           0.999E-09           0.100E-08           0.100E+01           0.166E-01
 104           0.171E+05           0.945E-09           0.948E-09           0.100E+01           0.178E-01
 106           0.177E+05           0.904E-09           0.907E-09           0.100E+01           0.150E-01
 108           0.182E+05           0.861E-09           0.864E-09           0.100E+01           0.152E-01
 110           0.188E+05           0.827E-09           0.831E-09           0.100E+01           0.154E-01
 112           0.196E+05           0.797E-09           0.800E-09           0.100E+01           0.178E-01
 114           0.207E+05           0.765E-09           0.768E-09           0.100E+01           0.177E-01
 116           0.210E+05           0.723E-09           0.726E-09           0.100E+01           0.166E-01
 118           0.217E+05           0.702E-09           0.705E-09           0.100E+01           0.162E-01
 120           0.229E+05           0.677E-09           0.680E-09           0.100E+01           0.167E-01
 122           0.233E+05           0.652E-09           0.656E-09           0.100E+01           0.183E-01
 124           0.243E+05           0.637E-09           0.641E-09           0.100E+01           0.203E-01
 126           0.244E+05           0.609E-09           0.613E-09           0.100E+01           0.182E-01
 128           0.258E+05           0.583E-09           0.587E-09           0.100E+01           0.173E-01
 132           0.690E+04           0.607E-09           0.607E-09           0.100E+01           0.718E-01
 136           0.738E+04           0.559E-09           0.560E-09           0.100E+01           0.684E-01
 140           0.760E+04           0.519E-09           0.520E-09           0.100E+01           0.693E-01
 144           0.823E+04           0.496E-09           0.496E-09           0.100E+01           0.690E-01
 148           0.858E+04           0.492E-09           0.493E-09           0.100E+01           0.705E-01
 152           0.913E+04           0.471E-09           0.471E-09           0.100E+01           0.725E-01
 156           0.938E+04           0.486E-09           0.487E-09           0.100E+01           0.724E-01
 160           0.101E+05           0.511E-09           0.512E-09           0.100E+01           0.679E-01
 164           0.107E+05           0.541E-09           0.542E-09           0.100E+01           0.619E-01
 168           0.110E+05           0.580E-09           0.581E-09           0.100E+01           0.563E-01
 172           0.117E+05           0.651E-09           0.652E-09           0.100E+01           0.524E-01
 176           0.120E+05           0.716E-09           0.717E-09           0.100E+01           0.439E-01
 180           0.130E+05           0.815E-09           0.816E-09           0.100E+01           0.442E-01
 184           0.131E+05           0.996E-09           0.998E-09           0.100E+01           0.448E-01
 188           0.138E+05           0.115E-08           0.115E-08           0.100E+01           0.367E-01
 192           0.145E+05           0.137E-08           0.137E-08           0.100E+01           0.447E-01
 196           0.152E+05           0.169E-08           0.169E-08           0.100E+01           0.468E-01
 200           0.159E+05           0.222E-08           0.223E-08           0.100E+01           0.484E-01
 204           0.161E+05           0.265E-08           0.266E-08           0.100E+01           0.474E-01
 208           0.171E+05           0.341E-08           0.342E-08           0.100E+01           0.472E-01
 212           0.177E+05           0.445E-08           0.446E-08           0.100E+01           0.592E-01
 216           0.182E+05           0.575E-08           0.577E-08           0.100E+01           0.599E-01
 220           0.188E+05           0.797E-08           0.800E-08           0.100E+01           0.609E-01
 224           0.196E+05           0.104E-07           0.105E-07           0.100E+01           0.702E-01
 228           0.207E+05           0.131E-07           0.132E-07           0.100E+01           0.718E-01
 232           0.210E+05           0.208E-07           0.209E-07           0.100E+01           0.787E-01
 236           0.217E+05           0.340E-07           0.341E-07           0.100E+01           0.110E+00
 240           0.229E+05           0.550E-07           0.552E-07           0.100E+01           0.131E+00
 244           0.233E+05           0.871E-07           0.875E-07           0.100E+01           0.141E+00
 248           0.243E+05           0.183E-06           0.184E-06           0.100E+01           0.188E+00
 252           0.244E+05           0.286E-06           0.288E-06           0.100E+01           0.226E+00
 256           0.258E+05           0.527E-06           0.530E-06           0.100E+01           0.569E+00
 264           0.690E+04           0.292E-06           0.292E-06           0.100E+01           0.553E+00
 272           0.738E+04           0.582E-07           0.582E-07           0.100E+01           0.173E+00
 280           0.760E+04           0.342E-07           0.342E-07           0.100E+01           0.163E+00
 288           0.823E+04           0.145E-07           0.145E-07           0.100E+01           0.932E-01
 296           0.858E+04           0.134E-07           0.134E-07           0.100E+01           0.782E-01
 304           0.913E+04           0.118E-07           0.118E-07           0.100E+01           0.445E-01
 312           0.938E+04           0.104E-07           0.105E-07           0.100E+01           0.459E-01
 320           0.101E+05           0.179E-07           0.179E-07           0.100E+01           0.570E-01
 328           0.107E+05           0.175E-07           0.175E-07           0.100E+01           0.740E-01
 336           0.110E+05           0.530E-07           0.531E-07           0.100E+01           0.125E+00
 344           0.117E+05           0.511E-07           0.512E-07           0.100E+01           0.125E+00
 352           0.120E+05           0.936E-07           0.938E-07           0.100E+01           0.183E+00
 360           0.130E+05           0.290E-06           0.290E-06           0.100E+01           0.314E+00
 368           0.131E+05           0.135E-06           0.135E-06           0.100E+01           0.222E+00
 376           0.138E+05           0.141E-06           0.142E-06           0.100E+01           0.174E+00
 384           0.145E+05           0.452E-07           0.453E-07           0.100E+01           0.104E+00
 392           0.152E+05           0.331E-07           0.332E-07           0.100E+01           0.788E-01
 400           0.159E+05           0.382E-07           0.383E-07           0.100E+01           0.485E-01
 408           0.161E+05           0.274E-07           0.275E-07           0.100E+01           0.747E-01
 416           0.171E+05           0.249E-07           0.250E-07           0.100E+01           0.779E-01
 424           0.177E+05           0.399E-07           0.400E-07           0.100E+01           0.953E-01
 432           0.182E+05           0.764E-07           0.767E-07           0.100E+01           0.189E+00
 440           0.188E+05           0.688E-07           0.691E-07           0.100E+01           0.117E+00
 448           0.196E+05           0.422E-07           0.424E-07           0.100E+01           0.177E+00
 456           0.207E+05           0.629E-07           0.632E-07           0.100E+01           0.122E+00
 464           0.210E+05           0.417E-07           0.419E-07           0.100E+01           0.994E-01
 472           0.217E+05           0.286E-07           0.287E-07           0.100E+01           0.706E-01
 480           0.229E+05           0.277E-07           0.279E-07           0.100E+01           0.581E-01
 488           0.233E+05           0.300E-07           0.302E-07           0.100E+01           0.624E-01
 496           0.243E+05           0.360E-07           0.362E-07           0.100E+01           0.950E-01
 504           0.244E+05           0.404E-07           0.406E-07           0.100E+01           0.117E+00
 512           0.258E+05           0.499E-07           0.502E-07           0.100E+01           0.120E+00
