   0           0.100E+01           0.100E+01           0.100E+01           0.100E+01           0.100E+01
   1           0.900E+01           0.752E-02           0.752E-02           0.100E+01           0.205E+00
   2           0.310E+02           0.292E-02           0.292E-02           0.100E+01           0.198E+00
   3           0.490E+02           0.201E-02           0.201E-02           0.100E+01           0.141E+00
   4           0.105E+03           0.179E-02           0.179E-02           0.100E+01           0.993E-01
   5           0.175E+03           0.119E-02           0.119E-02           0.100E+01           0.678E-01
   6           0.225E+03           0.886E-03           0.886E-03           0.100E+01           0.644E-01
   7           0.301E+03           0.875E-03           0.875E-03           0.100E+01           0.602E-01
   8           0.381E+03           0.709E-03           0.709E-03           0.100E+01           0.490E-01
   9           0.571E+03           0.604E-03           0.604E-03           0.100E+01           0.407E-01
  10           0.625E+03           0.526E-03           0.526E-03           0.100E+01           0.428E-01
  11           0.729E+03           0.514E-03           0.514E-03           0.100E+01           0.359E-01
  12           0.907E+03           0.451E-03           0.451E-03           0.100E+01           0.340E-01
  13           0.109E+04           0.421E-03           0.421E-03           0.100E+01           0.318E-01
  14           0.125E+04           0.386E-03           0.386E-03           0.100E+01           0.283E-01
  15           0.131E+04           0.366E-03           0.366E-03           0.100E+01           0.273E-01
  16           0.167E+04           0.339E-03           0.339E-03           0.100E+01           0.233E-01
  17           0.186E+04           0.336E-03           0.336E-03           0.100E+01           0.233E-01
  18           0.208E+04           0.313E-03           0.313E-03           0.100E+01           0.221E-01
  19           0.218E+04           0.293E-03           0.293E-03           0.100E+01           0.212E-01
  20           0.252E+04           0.275E-03           0.275E-03           0.100E+01           0.199E-01
  21           0.286E+04           0.266E-03           0.266E-03           0.100E+01           0.183E-01
  22           0.299E+04           0.266E-03           0.266E-03           0.100E+01           0.183E-01
  23           0.330E+04           0.247E-03           0.247E-03           0.100E+01           0.169E-01
  24           0.356E+04           0.228E-03           0.228E-03           0.100E+01           0.164E-01
  25           0.402E+04           0.227E-03           0.227E-03           0.100E+01           0.155E-01
  26           0.430E+04           0.213E-03           0.213E-03           0.100E+01           0.154E-01
  27           0.453E+04           0.204E-03           0.204E-03           0.100E+01           0.145E-01
  28           0.498E+04           0.192E-03           0.192E-03           0.100E+01           0.143E-01
  29           0.528E+04           0.182E-03           0.182E-03           0.100E+01           0.137E-01
  30           0.561E+04           0.175E-03           0.175E-03           0.100E+01           0.130E-01
  31           0.607E+04           0.170E-03           0.170E-03           0.100E+01           0.129E-01
  32           0.630E+04           0.158E-03           0.158E-03           0.100E+01           0.125E-01
  33           0.690E+04           0.150E-03           0.151E-03           0.100E+01           0.118E-01
  34           0.738E+04           0.146E-03           0.146E-03           0.100E+01           0.117E-01
  35           0.760E+04           0.142E-03           0.142E-03           0.100E+01           0.115E-01
  36           0.823E+04           0.133E-03           0.133E-03           0.100E+01           0.111E-01
  37           0.858E+04           0.131E-03           0.131E-03           0.100E+01           0.109E-01
  38           0.913E+04           0.125E-03           0.125E-03           0.100E+01           0.104E-01
  39           0.938E+04           0.118E-03           0.119E-03           0.100E+01           0.102E-01
  40           0.101E+05           0.116E-03           0.116E-03           0.100E+01           0.100E-01
  41           0.107E+05           0.112E-03           0.112E-03           0.100E+01           0.954E-02
  42           0.110E+05           0.106E-03           0.106E-03           0.100E+01           0.937E-02
  43           0.117E+05           0.104E-03           0.104E-03           0.100E+01           0.912E-02
  44           0.120E+05           0.984E-04           0.985E-04           0.100E+01           0.915E-02
  45           0.130E+05           0.956E-04           0.957E-04           0.100E+01           0.868E-02
  46           0.131E+05           0.923E-04           0.925E-04           0.100E+01           0.871E-02
  47           0.138E+05           0.877E-04           0.879E-04           0.100E+01           0.846E-02
  48           0.145E+05           0.868E-04           0.870E-04           0.100E+01           0.821E-02
  49           0.152E+05           0.828E-04           0.830E-04           0.100E+01           0.812E-02
  50           0.159E+05           0.812E-04           0.814E-04           0.100E+01           0.782E-02
  51           0.161E+05           0.777E-04           0.779E-04           0.100E+01           0.768E-02
  52           0.171E+05           0.760E-04           0.763E-04           0.100E+01           0.764E-02
  53           0.177E+05           0.730E-04           0.732E-04           0.100E+01           0.746E-02
  54           0.182E+05           0.713E-04           0.716E-04           0.100E+01           0.735E-02
  55           0.188E+05           0.685E-04           0.688E-04           0.100E+01           0.724E-02
  56           0.196E+05           0.664E-04           0.667E-04           0.100E+01           0.701E-02
  57           0.207E+05           0.646E-04           0.649E-04           0.100E+01           0.679E-02
  58           0.210E+05           0.627E-04           0.630E-04           0.100E+01           0.680E-02
  59           0.217E+05           0.608E-04           0.611E-04           0.100E+01           0.680E-02
  60           0.229E+05           0.590E-04           0.593E-04           0.100E+01           0.655E-02
  61           0.233E+05           0.576E-04           0.579E-04           0.100E+01           0.656E-02
  62           0.243E+05           0.568E-04           0.571E-04           0.100E+01           0.640E-02
  63           0.244E+05           0.553E-04           0.556E-04           0.100E+01           0.633E-02
  64           0.258E+05           0.536E-04           0.539E-04           0.100E+01           0.620E-02
  66           0.690E+04           0.515E-04           0.515E-04           0.100E+01           0.120E-01
  68           0.738E+04           0.487E-04           0.487E-04           0.100E+01           0.117E-01
  70           0.760E+04           0.471E-04           0.471E-04           0.100E+01           0.115E-01
  72           0.823E+04           0.447E-04           0.447E-04           0.100E+01           0.109E-01
  74           0.858E+04           0.419E-04           0.420E-04           0.100E+01           0.107E-01
  76           0.913E+04           0.408E-04           0.408E-04           0.100E+01           0.106E-01
  78           0.938E+04           0.382E-04           0.383E-04           0.100E+01           0.103E-01
  80           0.101E+05           0.367E-04           0.368E-04           0.100E+01           0.991E-02
  82           0.107E+05           0.351E-04           0.352E-04           0.100E+01           0.955E-02
  84           0.110E+05           0.333E-04           0.334E-04           0.100E+01           0.952E-02
  86           0.117E+05           0.323E-04           0.324E-04           0.100E+01           0.914E-02
  88           0.120E+05           0.310E-04           0.310E-04           0.100E+01           0.905E-02
  90           0.130E+05           0.298E-04           0.299E-04           0.100E+01           0.900E-02
  92           0.131E+05           0.281E-04           0.281E-04           0.100E+01           0.877E-02
  94           0.138E+05           0.267E-04           0.268E-04           0.100E+01           0.839E-02
  96           0.145E+05           0.261E-04           0.262E-04           0.100E+01           0.833E-02
  98           0.152E+05           0.248E-04           0.249E-04           0.100E+01           0.805E-02
 100           0.159E+05           0.238E-04           0.238E-04           0.100E+01           0.792E-02
 102           0.161E+05           0.229E-04           0.230E-04           0.100E+01           0.788E-02
 104           0.171E+05           0.223E-04           0.223E-04           0.100E+01           0.759E-02
 106           0.177E+05           0.216E-04           0.216E-04           0.100E+01           0.749E-02
 108           0.182E+05           0.207E-04           0.208E-04           0.100E+01           0.739E-02
 110           0.188E+05           0.197E-04           0.198E-04           0.100E+01           0.729E-02
 112           0.196E+05           0.192E-04           0.192E-04           0.100E+01           0.710E-02
 114           0.207E+05           0.186E-04           0.187E-04           0.100E+01           0.687E-02
 116           0.210E+05           0.181E-04           0.181E-04           0.100E+01           0.681E-02
 118           0.217E+05           0.174E-04           0.174E-04           0.100E+01           0.673E-02
 120           0.229E+05           0.168E-04           0.169E-04           0.100E+01           0.661E-02
 122           0.233E+05           0.161E-04           0.161E-04           0.100E+01           0.657E-02
 124           0.243E+05           0.156E-04           0.156E-04           0.100E+01           0.639E-02
 126           0.244E+05           0.152E-04           0.153E-04           0.100E+01           0.639E-02
 128           0.258E+05           0.147E-04           0.148E-04           0.100E+01           0.617E-02
 132           0.690E+04           0.141E-04           0.141E-04           0.100E+01           0.117E-01
 136           0.738E+04           0.132E-04           0.132E-04           0.100E+01           0.115E-01
 140           0.760E+04           0.123E-04           0.123E-04           0.100E+01           0.116E-01
 144           0.823E+04           0.115E-04           0.115E-04           0.100E+01           0.110E-01
 148           0.858E+04           0.109E-04           0.110E-04           0.100E+01           0.106E-01
 152           0.913E+04           0.105E-04           0.105E-04           0.100E+01           0.105E-01
 156           0.938E+04           0.980E-05           0.981E-05           0.100E+01           0.104E-01
 160           0.101E+05           0.921E-05           0.922E-05           0.100E+01           0.976E-02
 164           0.107E+05           0.874E-05           0.875E-05           0.100E+01           0.951E-02
 168           0.110E+05           0.862E-05           0.863E-05           0.100E+01           0.949E-02
 172           0.117E+05           0.798E-05           0.799E-05           0.100E+01           0.915E-02
 176           0.120E+05           0.756E-05           0.757E-05           0.100E+01           0.919E-02
 180           0.130E+05           0.716E-05           0.718E-05           0.100E+01           0.874E-02
 184           0.131E+05           0.685E-05           0.686E-05           0.100E+01           0.871E-02
 188           0.138E+05           0.654E-05           0.656E-05           0.100E+01           0.854E-02
 192           0.145E+05           0.631E-05           0.633E-05           0.100E+01           0.818E-02
 196           0.152E+05           0.603E-05           0.604E-05           0.100E+01           0.816E-02
 200           0.159E+05           0.573E-05           0.574E-05           0.100E+01           0.792E-02
 204           0.161E+05           0.550E-05           0.551E-05           0.100E+01           0.786E-02
 208           0.171E+05           0.530E-05           0.531E-05           0.100E+01           0.761E-02
 212           0.177E+05           0.506E-05           0.508E-05           0.100E+01           0.753E-02
 216           0.182E+05           0.490E-05           0.491E-05           0.100E+01           0.736E-02
 220           0.188E+05           0.461E-05           0.463E-05           0.100E+01           0.724E-02
 224           0.196E+05           0.445E-05           0.446E-05           0.100E+01           0.712E-02
 228           0.207E+05           0.430E-05           0.432E-05           0.100E+01           0.696E-02
 232           0.210E+05           0.410E-05           0.412E-05           0.100E+01           0.691E-02
 236           0.217E+05           0.395E-05           0.397E-05           0.100E+01           0.672E-02
 240           0.229E+05           0.380E-05           0.382E-05           0.100E+01           0.656E-02
 244           0.233E+05           0.368E-05           0.370E-05           0.100E+01           0.656E-02
 248           0.243E+05           0.355E-05           0.358E-05           0.100E+01           0.643E-02
 252           0.244E+05           0.342E-05           0.344E-05           0.100E+01           0.636E-02
 256           0.258E+05           0.327E-05           0.329E-05           0.100E+01           0.621E-02
 264           0.690E+04           0.313E-05           0.313E-05           0.100E+01           0.119E-01
 272           0.738E+04           0.286E-05           0.286E-05           0.100E+01           0.116E-01
 280           0.760E+04           0.270E-05           0.270E-05           0.100E+01           0.115E-01
 288           0.823E+04           0.260E-05           0.260E-05           0.100E+01           0.111E-01
 296           0.858E+04           0.241E-05           0.241E-05           0.100E+01           0.108E-01
 304           0.913E+04           0.219E-05           0.219E-05           0.100E+01           0.104E-01
 312           0.938E+04           0.212E-05           0.212E-05           0.100E+01           0.104E-01
 320           0.101E+05           0.200E-05           0.201E-05           0.100E+01           0.993E-02
 328           0.107E+05           0.189E-05           0.189E-05           0.100E+01           0.960E-02
 336           0.110E+05           0.178E-05           0.178E-05           0.100E+01           0.934E-02
 344           0.117E+05           0.168E-05           0.168E-05           0.100E+01           0.918E-02
 352           0.120E+05           0.161E-05           0.161E-05           0.100E+01           0.903E-02
 360           0.130E+05           0.151E-05           0.151E-05           0.100E+01           0.885E-02
 368           0.131E+05           0.145E-05           0.145E-05           0.100E+01           0.871E-02
 376           0.138E+05           0.141E-05           0.141E-05           0.100E+01           0.846E-02
 384           0.145E+05           0.132E-05           0.132E-05           0.100E+01           0.821E-02
 392           0.152E+05           0.125E-05           0.125E-05           0.100E+01           0.809E-02
 400           0.159E+05           0.120E-05           0.120E-05           0.100E+01           0.787E-02
 408           0.161E+05           0.113E-05           0.114E-05           0.100E+01           0.790E-02
 416           0.171E+05           0.110E-05           0.110E-05           0.100E+01           0.768E-02
 424           0.177E+05           0.104E-05           0.105E-05           0.100E+01           0.750E-02
 432           0.182E+05           0.990E-06           0.993E-06           0.100E+01           0.745E-02
 440           0.188E+05           0.958E-06           0.961E-06           0.100E+01           0.729E-02
 448           0.196E+05           0.921E-06           0.925E-06           0.100E+01           0.703E-02
 456           0.207E+05           0.868E-06           0.872E-06           0.100E+01           0.692E-02
 464           0.210E+05           0.836E-06           0.839E-06           0.100E+01           0.683E-02
 472           0.217E+05           0.815E-06           0.819E-06           0.100E+01           0.678E-02
 480           0.229E+05           0.773E-06           0.777E-06           0.100E+01           0.664E-02
 488           0.233E+05           0.755E-06           0.759E-06           0.100E+01           0.657E-02
 496           0.243E+05           0.719E-06           0.724E-06           0.100E+01           0.640E-02
 504           0.244E+05           0.695E-06           0.700E-06           0.100E+01           0.644E-02
 512           0.258E+05           0.667E-06           0.672E-06           0.100E+01           0.626E-02
