   0           0.100E+01           0.100E+01           0.100E+01           0.100E+01           0.100E+01
   1           0.900E+01           0.629E-05           0.629E-05           0.100E+01           0.234E+00
   2           0.310E+02           0.644E-05           0.644E-05           0.100E+01           0.150E+00
   3           0.490E+02           0.340E-05           0.340E-05           0.100E+01           0.106E+00
   4           0.105E+03           0.173E-05           0.173E-05           0.100E+01           0.811E-01
   5           0.175E+03           0.996E-06           0.996E-06           0.100E+01           0.752E-01
   6           0.225E+03           0.645E-06           0.645E-06           0.100E+01           0.672E-01
   7           0.301E+03           0.562E-06           0.562E-06           0.100E+01           0.570E-01
   8           0.381E+03           0.408E-06           0.408E-06           0.100E+01           0.506E-01
   9           0.571E+03           0.315E-06           0.315E-06           0.100E+01           0.423E-01
  10           0.625E+03           0.249E-06           0.249E-06           0.100E+01           0.400E-01
  11           0.729E+03           0.203E-06           0.203E-06           0.100E+01           0.384E-01
  12           0.907E+03           0.170E-06           0.170E-06           0.100E+01           0.329E-01
  13           0.109E+04           0.141E-06           0.141E-06           0.100E+01           0.318E-01
  14           0.125E+04           0.114E-06           0.114E-06           0.100E+01           0.294E-01
  15           0.131E+04           0.102E-06           0.102E-06           0.100E+01           0.262E-01
  16           0.167E+04           0.898E-07           0.898E-07           0.100E+01           0.246E-01
  17           0.186E+04           0.754E-07           0.754E-07           0.100E+01           0.239E-01
  18           0.208E+04           0.688E-07           0.688E-07           0.100E+01           0.218E-01
  19           0.218E+04           0.580E-07           0.580E-07           0.100E+01           0.217E-01
  20           0.252E+04           0.521E-07           0.521E-07           0.100E+01           0.198E-01
  21           0.286E+04           0.471E-07           0.471E-07           0.100E+01           0.188E-01
  22           0.299E+04           0.423E-07           0.423E-07           0.100E+01           0.181E-01
  23           0.330E+04           0.375E-07           0.375E-07           0.100E+01           0.176E-01
  24           0.356E+04           0.337E-07           0.337E-07           0.100E+01           0.161E-01
  25           0.402E+04           0.307E-07           0.307E-07           0.100E+01           0.155E-01
  26           0.430E+04           0.287E-07           0.287E-07           0.100E+01           0.154E-01
  27           0.453E+04           0.254E-07           0.254E-07           0.100E+01           0.147E-01
  28           0.498E+04           0.229E-07           0.229E-07           0.100E+01           0.143E-01
  29           0.528E+04           0.215E-07           0.215E-07           0.100E+01           0.138E-01
  30           0.561E+04           0.199E-07           0.199E-07           0.100E+01           0.134E-01
  31           0.607E+04           0.183E-07           0.183E-07           0.100E+01           0.131E-01
  32           0.630E+04           0.168E-07           0.168E-07           0.100E+01           0.127E-01
  33           0.690E+04           0.161E-07           0.161E-07           0.100E+01           0.120E-01
  34           0.738E+04           0.147E-07           0.147E-07           0.100E+01           0.117E-01
  35           0.760E+04           0.137E-07           0.137E-07           0.100E+01           0.115E-01
  36           0.823E+04           0.127E-07           0.127E-07           0.100E+01           0.108E-01
  37           0.858E+04           0.117E-07           0.117E-07           0.100E+01           0.108E-01
  38           0.913E+04           0.112E-07           0.112E-07           0.100E+01           0.104E-01
  39           0.938E+04           0.105E-07           0.105E-07           0.100E+01           0.104E-01
  40           0.101E+05           0.985E-08           0.986E-08           0.100E+01           0.994E-02
  41           0.107E+05           0.937E-08           0.939E-08           0.100E+01           0.973E-02
  42           0.110E+05           0.883E-08           0.885E-08           0.100E+01           0.966E-02
  43           0.117E+05           0.847E-08           0.848E-08           0.100E+01           0.923E-02
  44           0.120E+05           0.776E-08           0.778E-08           0.100E+01           0.925E-02
  45           0.130E+05           0.754E-08           0.756E-08           0.100E+01           0.878E-02
  46           0.131E+05           0.703E-08           0.705E-08           0.100E+01           0.876E-02
  47           0.138E+05           0.664E-08           0.665E-08           0.100E+01           0.862E-02
  48           0.145E+05           0.625E-08           0.627E-08           0.100E+01           0.833E-02
  49           0.152E+05           0.596E-08           0.597E-08           0.100E+01           0.802E-02
  50           0.159E+05           0.564E-08           0.566E-08           0.100E+01           0.804E-02
  51           0.161E+05           0.541E-08           0.542E-08           0.100E+01           0.779E-02
  52           0.171E+05           0.520E-08           0.522E-08           0.100E+01           0.766E-02
  53           0.177E+05           0.497E-08           0.499E-08           0.100E+01           0.745E-02
  54           0.182E+05           0.468E-08           0.469E-08           0.100E+01           0.734E-02
  55           0.188E+05           0.449E-08           0.451E-08           0.100E+01           0.732E-02
  56           0.196E+05           0.437E-08           0.439E-08           0.100E+01           0.715E-02
  57           0.207E+05           0.415E-08           0.417E-08           0.100E+01           0.699E-02
  58           0.210E+05           0.396E-08           0.398E-08           0.100E+01           0.686E-02
  59           0.217E+05           0.380E-08           0.382E-08           0.100E+01           0.673E-02
  60           0.229E+05           0.369E-08           0.371E-08           0.100E+01           0.661E-02
  61           0.233E+05           0.350E-08           0.352E-08           0.100E+01           0.653E-02
  62           0.243E+05           0.335E-08           0.337E-08           0.100E+01           0.647E-02
  63           0.244E+05           0.321E-08           0.322E-08           0.100E+01           0.644E-02
  64           0.258E+05           0.310E-08           0.312E-08           0.100E+01           0.628E-02
  66           0.690E+04           0.283E-08           0.283E-08           0.100E+01           0.119E-01
  68           0.738E+04           0.268E-08           0.268E-08           0.100E+01           0.116E-01
  70           0.760E+04           0.246E-08           0.246E-08           0.100E+01           0.113E-01
  72           0.823E+04           0.229E-08           0.229E-08           0.100E+01           0.108E-01
  74           0.858E+04           0.215E-08           0.216E-08           0.100E+01           0.108E-01
  76           0.913E+04           0.203E-08           0.203E-08           0.100E+01           0.105E-01
  78           0.938E+04           0.185E-08           0.185E-08           0.100E+01           0.102E-01
  80           0.101E+05           0.174E-08           0.174E-08           0.100E+01           0.981E-02
  82           0.107E+05           0.170E-08           0.170E-08           0.100E+01           0.964E-02
  84           0.110E+05           0.157E-08           0.158E-08           0.100E+01           0.962E-02
  86           0.117E+05           0.147E-08           0.147E-08           0.100E+01           0.915E-02
  88           0.120E+05           0.139E-08           0.139E-08           0.100E+01           0.906E-02
  90           0.130E+05           0.135E-08           0.135E-08           0.100E+01           0.887E-02
  92           0.131E+05           0.125E-08           0.125E-08           0.100E+01           0.880E-02
  94           0.138E+05           0.120E-08           0.120E-08           0.100E+01           0.866E-02
  96           0.145E+05           0.113E-08           0.113E-08           0.100E+01           0.835E-02
  98           0.152E+05           0.107E-08           0.107E-08           0.100E+01           0.818E-02
 100           0.159E+05           0.102E-08           0.102E-08           0.100E+01           0.799E-02
 102           0.161E+05           0.959E-09           0.962E-09           0.100E+01           0.786E-02
 104           0.171E+05           0.934E-09           0.937E-09           0.100E+01           0.765E-02
 106           0.177E+05           0.885E-09           0.888E-09           0.100E+01           0.772E-02
 108           0.182E+05           0.841E-09           0.844E-09           0.100E+01           0.736E-02
 110           0.188E+05           0.813E-09           0.816E-09           0.100E+01           0.728E-02
 112           0.196E+05           0.765E-09           0.768E-09           0.100E+01           0.720E-02
 114           0.207E+05           0.742E-09           0.745E-09           0.100E+01           0.700E-02
 116           0.210E+05           0.711E-09           0.714E-09           0.100E+01           0.699E-02
 118           0.217E+05           0.687E-09           0.690E-09           0.100E+01           0.684E-02
 120           0.229E+05           0.654E-09           0.658E-09           0.100E+01           0.665E-02
 122           0.233E+05           0.627E-09           0.630E-09           0.100E+01           0.668E-02
 124           0.243E+05           0.607E-09           0.610E-09           0.100E+01           0.653E-02
 126           0.244E+05           0.581E-09           0.584E-09           0.100E+01           0.650E-02
 128           0.258E+05           0.563E-09           0.566E-09           0.100E+01           0.636E-02
 132           0.690E+04           0.531E-09           0.532E-09           0.100E+01           0.127E-01
 136           0.738E+04           0.481E-09           0.481E-09           0.100E+01           0.129E-01
 140           0.760E+04           0.449E-09           0.450E-09           0.100E+01           0.131E-01
 144           0.823E+04           0.450E-09           0.450E-09           0.100E+01           0.143E-01
 148           0.858E+04           0.420E-09           0.421E-09           0.100E+01           0.163E-01
 152           0.913E+04           0.421E-09           0.422E-09           0.100E+01           0.176E-01
 156           0.938E+04           0.427E-09           0.427E-09           0.100E+01           0.209E-01
 160           0.101E+05           0.437E-09           0.438E-09           0.100E+01           0.213E-01
 164           0.107E+05           0.483E-09           0.484E-09           0.100E+01           0.245E-01
 168           0.110E+05           0.531E-09           0.532E-09           0.100E+01           0.258E-01
 172           0.117E+05           0.573E-09           0.574E-09           0.100E+01           0.293E-01
 176           0.120E+05           0.692E-09           0.693E-09           0.100E+01           0.315E-01
 180           0.130E+05           0.762E-09           0.763E-09           0.100E+01           0.321E-01
 184           0.131E+05           0.951E-09           0.953E-09           0.100E+01           0.350E-01
 188           0.138E+05           0.105E-08           0.106E-08           0.100E+01           0.360E-01
 192           0.145E+05           0.135E-08           0.135E-08           0.100E+01           0.382E-01
 196           0.152E+05           0.163E-08           0.163E-08           0.100E+01           0.388E-01
 200           0.159E+05           0.195E-08           0.195E-08           0.100E+01           0.384E-01
 204           0.161E+05           0.260E-08           0.261E-08           0.100E+01           0.442E-01
 208           0.171E+05           0.321E-08           0.322E-08           0.100E+01           0.457E-01
 212           0.177E+05           0.458E-08           0.459E-08           0.100E+01           0.557E-01
 216           0.182E+05           0.560E-08           0.561E-08           0.100E+01           0.562E-01
 220           0.188E+05           0.742E-08           0.744E-08           0.100E+01           0.583E-01
 224           0.196E+05           0.102E-07           0.102E-07           0.100E+01           0.650E-01
 228           0.207E+05           0.152E-07           0.152E-07           0.100E+01           0.723E-01
 232           0.210E+05           0.231E-07           0.232E-07           0.100E+01           0.813E-01
 236           0.217E+05           0.320E-07           0.321E-07           0.100E+01           0.909E-01
 240           0.229E+05           0.539E-07           0.541E-07           0.100E+01           0.109E+00
 244           0.233E+05           0.100E-06           0.100E-06           0.100E+01           0.151E+00
 248           0.243E+05           0.167E-06           0.167E-06           0.100E+01           0.200E+00
 252           0.244E+05           0.281E-06           0.283E-06           0.100E+01           0.460E+00
 256           0.258E+05           0.442E-06           0.445E-06           0.100E+01           0.330E+00
 264           0.690E+04           0.132E-06           0.132E-06           0.100E+01           0.256E+00
 272           0.738E+04           0.477E-07           0.477E-07           0.100E+01           0.205E+00
 280           0.760E+04           0.289E-07           0.289E-07           0.100E+01           0.119E+00
 288           0.823E+04           0.190E-07           0.190E-07           0.100E+01           0.111E+00
 296           0.858E+04           0.126E-07           0.126E-07           0.100E+01           0.679E-01
 304           0.913E+04           0.119E-07           0.119E-07           0.100E+01           0.467E-01
 312           0.938E+04           0.986E-08           0.987E-08           0.100E+01           0.435E-01
 320           0.101E+05           0.176E-07           0.176E-07           0.100E+01           0.553E-01
 328           0.107E+05           0.190E-07           0.190E-07           0.100E+01           0.816E-01
 336           0.110E+05           0.527E-07           0.527E-07           0.100E+01           0.111E+00
 344           0.117E+05           0.527E-07           0.528E-07           0.100E+01           0.117E+00
 352           0.120E+05           0.935E-07           0.937E-07           0.100E+01           0.184E+00
 360           0.130E+05           0.276E-06           0.277E-06           0.100E+01           0.199E+00
 368           0.131E+05           0.109E-06           0.109E-06           0.100E+01           0.200E+00
 376           0.138E+05           0.140E-06           0.141E-06           0.100E+01           0.145E+00
 384           0.145E+05           0.411E-07           0.412E-07           0.100E+01           0.114E+00
 392           0.152E+05           0.344E-07           0.345E-07           0.100E+01           0.938E-01
 400           0.159E+05           0.366E-07           0.367E-07           0.100E+01           0.506E-01
 408           0.161E+05           0.243E-07           0.243E-07           0.100E+01           0.551E-01
 416           0.171E+05           0.257E-07           0.257E-07           0.100E+01           0.638E-01
 424           0.177E+05           0.395E-07           0.396E-07           0.100E+01           0.106E+00
 432           0.182E+05           0.772E-07           0.775E-07           0.100E+01           0.174E+00
 440           0.188E+05           0.660E-07           0.663E-07           0.100E+01           0.157E+00
 448           0.196E+05           0.527E-07           0.529E-07           0.100E+01           0.180E+00
 456           0.207E+05           0.625E-07           0.628E-07           0.100E+01           0.127E+00
 464           0.210E+05           0.401E-07           0.403E-07           0.100E+01           0.929E-01
 472           0.217E+05           0.259E-07           0.260E-07           0.100E+01           0.691E-01
 480           0.229E+05           0.293E-07           0.294E-07           0.100E+01           0.639E-01
 488           0.233E+05           0.331E-07           0.332E-07           0.100E+01           0.790E-01
 496           0.243E+05           0.399E-07           0.401E-07           0.100E+01           0.105E+00
 504           0.244E+05           0.392E-07           0.394E-07           0.100E+01           0.109E+00
 512           0.258E+05           0.441E-07           0.443E-07           0.100E+01           0.887E-01
