   0           0.100E+01           0.100E+01           0.100E+01           0.100E+01           0.100E+01
   1           0.900E+01           0.333E+00           0.333E+00           0.100E+01           0.914E-01
   2           0.310E+02           0.236E+00           0.236E+00           0.100E+01           0.500E-01
   3           0.490E+02           0.202E+00           0.202E+00           0.100E+01           0.387E-01
   4           0.105E+03           0.171E+00           0.171E+00           0.100E+01           0.288E-01
   5           0.175E+03           0.135E+00           0.135E+00           0.100E+01           0.249E-01
   6           0.225E+03           0.108E+00           0.108E+00           0.100E+01           0.278E-01
   7           0.301E+03           0.859E-01           0.859E-01           0.100E+01           0.277E-01
   8           0.381E+03           0.681E-01           0.681E-01           0.100E+01           0.281E-01
   9           0.571E+03           0.535E-01           0.535E-01           0.100E+01           0.263E-01
  10           0.625E+03           0.412E-01           0.412E-01           0.100E+01           0.272E-01
  11           0.729E+03           0.335E-01           0.335E-01           0.100E+01           0.277E-01
  12           0.907E+03           0.271E-01           0.271E-01           0.100E+01           0.260E-01
  13           0.109E+04           0.221E-01           0.221E-01           0.100E+01           0.248E-01
  14           0.125E+04           0.184E-01           0.184E-01           0.100E+01           0.240E-01
  15           0.131E+04           0.156E-01           0.156E-01           0.100E+01           0.238E-01
  16           0.167E+04           0.136E-01           0.136E-01           0.100E+01           0.214E-01
  17           0.186E+04           0.117E-01           0.117E-01           0.100E+01           0.203E-01
  18           0.208E+04           0.103E-01           0.103E-01           0.100E+01           0.191E-01
  19           0.218E+04           0.926E-02           0.926E-02           0.100E+01           0.187E-01
  20           0.252E+04           0.827E-02           0.827E-02           0.100E+01           0.173E-01
  21           0.286E+04           0.758E-02           0.758E-02           0.100E+01           0.164E-01
  22           0.299E+04           0.674E-02           0.674E-02           0.100E+01           0.160E-01
  23           0.330E+04           0.619E-02           0.619E-02           0.100E+01           0.155E-01
  24           0.356E+04           0.565E-02           0.565E-02           0.100E+01           0.151E-01
  25           0.402E+04           0.511E-02           0.511E-02           0.100E+01           0.144E-01
  26           0.430E+04           0.476E-02           0.476E-02           0.100E+01           0.140E-01
  27           0.453E+04           0.433E-02           0.433E-02           0.100E+01           0.138E-01
  28           0.498E+04           0.405E-02           0.406E-02           0.100E+01           0.133E-01
  29           0.528E+04           0.372E-02           0.372E-02           0.100E+01           0.130E-01
  30           0.561E+04           0.346E-02           0.346E-02           0.100E+01           0.126E-01
  31           0.607E+04           0.322E-02           0.322E-02           0.100E+01           0.123E-01
  32           0.630E+04           0.298E-02           0.298E-02           0.100E+01           0.121E-01
  33           0.690E+04           0.280E-02           0.280E-02           0.100E+01           0.117E-01
  34           0.738E+04           0.258E-02           0.258E-02           0.100E+01           0.114E-01
  35           0.760E+04           0.240E-02           0.240E-02           0.100E+01           0.114E-01
  36           0.823E+04           0.225E-02           0.225E-02           0.100E+01           0.110E-01
  37           0.858E+04           0.207E-02           0.207E-02           0.100E+01           0.110E-01
  38           0.913E+04           0.194E-02           0.195E-02           0.100E+01           0.108E-01
  39           0.938E+04           0.179E-02           0.180E-02           0.100E+01           0.107E-01
  40           0.101E+05           0.168E-02           0.168E-02           0.100E+01           0.105E-01
  41           0.107E+05           0.155E-02           0.155E-02           0.100E+01           0.103E-01
  42           0.110E+05           0.144E-02           0.144E-02           0.100E+01           0.103E-01
  43           0.117E+05           0.135E-02           0.135E-02           0.100E+01           0.101E-01
  44           0.120E+05           0.124E-02           0.124E-02           0.100E+01           0.101E-01
  45           0.130E+05           0.117E-02           0.117E-02           0.100E+01           0.980E-02
  46           0.131E+05           0.108E-02           0.108E-02           0.100E+01           0.984E-02
  47           0.138E+05           0.101E-02           0.101E-02           0.100E+01           0.964E-02
  48           0.145E+05           0.952E-03           0.954E-03           0.100E+01           0.944E-02
  49           0.152E+05           0.884E-03           0.886E-03           0.100E+01           0.928E-02
  50           0.159E+05           0.837E-03           0.840E-03           0.100E+01           0.915E-02
  51           0.161E+05           0.785E-03           0.788E-03           0.100E+01           0.908E-02
  52           0.171E+05           0.742E-03           0.744E-03           0.100E+01           0.887E-02
  53           0.177E+05           0.697E-03           0.699E-03           0.100E+01           0.877E-02
  54           0.182E+05           0.657E-03           0.659E-03           0.100E+01           0.869E-02
  55           0.188E+05           0.626E-03           0.628E-03           0.100E+01           0.860E-02
  56           0.196E+05           0.589E-03           0.592E-03           0.100E+01           0.844E-02
  57           0.207E+05           0.562E-03           0.565E-03           0.100E+01           0.824E-02
  58           0.210E+05           0.531E-03           0.534E-03           0.100E+01           0.822E-02
  59           0.217E+05           0.506E-03           0.509E-03           0.100E+01           0.810E-02
  60           0.229E+05           0.481E-03           0.484E-03           0.100E+01           0.789E-02
  61           0.233E+05           0.458E-03           0.460E-03           0.100E+01           0.782E-02
  62           0.243E+05           0.439E-03           0.441E-03           0.100E+01           0.770E-02
  63           0.244E+05           0.419E-03           0.421E-03           0.100E+01           0.768E-02
  64           0.258E+05           0.401E-03           0.403E-03           0.100E+01           0.746E-02
  66           0.690E+04           0.372E-03           0.372E-03           0.100E+01           0.145E-01
  68           0.738E+04           0.335E-03           0.336E-03           0.100E+01           0.141E-01
  70           0.760E+04           0.308E-03           0.308E-03           0.100E+01           0.140E-01
  72           0.823E+04           0.289E-03           0.289E-03           0.100E+01           0.135E-01
  74           0.858E+04           0.261E-03           0.261E-03           0.100E+01           0.134E-01
  76           0.913E+04           0.245E-03           0.245E-03           0.100E+01           0.130E-01
  78           0.938E+04           0.225E-03           0.226E-03           0.100E+01           0.128E-01
  80           0.101E+05           0.212E-03           0.213E-03           0.100E+01           0.124E-01
  82           0.107E+05           0.197E-03           0.197E-03           0.100E+01           0.120E-01
  84           0.110E+05           0.184E-03           0.184E-03           0.100E+01           0.118E-01
  86           0.117E+05           0.173E-03           0.174E-03           0.100E+01           0.115E-01
  88           0.120E+05           0.161E-03           0.161E-03           0.100E+01           0.113E-01
  90           0.130E+05           0.152E-03           0.153E-03           0.100E+01           0.109E-01
  92           0.131E+05           0.141E-03           0.141E-03           0.100E+01           0.109E-01
  94           0.138E+05           0.132E-03           0.132E-03           0.100E+01           0.108E-01
  96           0.145E+05           0.124E-03           0.124E-03           0.100E+01           0.105E-01
  98           0.152E+05           0.114E-03           0.114E-03           0.100E+01           0.104E-01
 100           0.159E+05           0.108E-03           0.109E-03           0.100E+01           0.102E-01
 102           0.161E+05           0.101E-03           0.101E-03           0.100E+01           0.102E-01
 104           0.171E+05           0.958E-04           0.961E-04           0.100E+01           0.990E-02
 106           0.177E+05           0.901E-04           0.904E-04           0.100E+01           0.981E-02
 108           0.182E+05           0.846E-04           0.849E-04           0.100E+01           0.970E-02
 110           0.188E+05           0.810E-04           0.813E-04           0.100E+01           0.952E-02
 112           0.196E+05           0.755E-04           0.758E-04           0.100E+01           0.938E-02
 114           0.207E+05           0.716E-04           0.719E-04           0.100E+01           0.913E-02
 116           0.210E+05           0.672E-04           0.675E-04           0.100E+01           0.904E-02
 118           0.217E+05           0.635E-04           0.638E-04           0.100E+01           0.891E-02
 120           0.229E+05           0.593E-04           0.596E-04           0.100E+01           0.872E-02
 122           0.233E+05           0.555E-04           0.558E-04           0.100E+01           0.866E-02
 124           0.243E+05           0.530E-04           0.533E-04           0.100E+01           0.846E-02
 126           0.244E+05           0.499E-04           0.502E-04           0.100E+01           0.841E-02
 128           0.258E+05           0.469E-04           0.473E-04           0.100E+01           0.821E-02
 132           0.690E+04           0.427E-04           0.428E-04           0.100E+01           0.158E-01
 136           0.738E+04           0.377E-04           0.377E-04           0.100E+01           0.153E-01
 140           0.760E+04           0.338E-04           0.338E-04           0.100E+01           0.150E-01
 144           0.823E+04           0.311E-04           0.311E-04           0.100E+01           0.143E-01
 148           0.858E+04           0.277E-04           0.278E-04           0.100E+01           0.139E-01
 152           0.913E+04           0.254E-04           0.255E-04           0.100E+01           0.135E-01
 156           0.938E+04           0.228E-04           0.228E-04           0.100E+01           0.133E-01
 160           0.101E+05           0.212E-04           0.213E-04           0.100E+01           0.126E-01
 164           0.107E+05           0.192E-04           0.192E-04           0.100E+01           0.124E-01
 168           0.110E+05           0.176E-04           0.176E-04           0.100E+01           0.123E-01
 172           0.117E+05           0.164E-04           0.164E-04           0.100E+01           0.119E-01
 176           0.120E+05           0.147E-04           0.147E-04           0.100E+01           0.119E-01
 180           0.130E+05           0.138E-04           0.138E-04           0.100E+01           0.114E-01
 184           0.131E+05           0.125E-04           0.126E-04           0.100E+01           0.116E-01
 188           0.138E+05           0.117E-04           0.117E-04           0.100E+01           0.113E-01
 192           0.145E+05           0.109E-04           0.109E-04           0.100E+01           0.111E-01
 196           0.152E+05           0.100E-04           0.101E-04           0.100E+01           0.108E-01
 200           0.159E+05           0.944E-05           0.947E-05           0.100E+01           0.107E-01
 204           0.161E+05           0.872E-05           0.875E-05           0.100E+01           0.106E-01
 208           0.171E+05           0.813E-05           0.816E-05           0.100E+01           0.104E-01
 212           0.177E+05           0.757E-05           0.760E-05           0.100E+01           0.103E-01
 216           0.182E+05           0.703E-05           0.706E-05           0.100E+01           0.102E-01
 220           0.188E+05           0.665E-05           0.667E-05           0.100E+01           0.101E-01
 224           0.196E+05           0.618E-05           0.621E-05           0.100E+01           0.992E-02
 228           0.207E+05           0.585E-05           0.587E-05           0.100E+01           0.968E-02
 232           0.210E+05           0.546E-05           0.549E-05           0.100E+01           0.971E-02
 236           0.217E+05           0.515E-05           0.518E-05           0.100E+01           0.958E-02
 240           0.229E+05           0.482E-05           0.485E-05           0.100E+01           0.939E-02
 244           0.233E+05           0.452E-05           0.455E-05           0.100E+01           0.933E-02
 248           0.243E+05           0.431E-05           0.434E-05           0.100E+01           0.913E-02
 252           0.244E+05           0.404E-05           0.407E-05           0.100E+01           0.909E-02
 256           0.258E+05           0.383E-05           0.386E-05           0.100E+01           0.878E-02
 264           0.690E+04           0.346E-05           0.346E-05           0.100E+01           0.168E-01
 272           0.738E+04           0.303E-05           0.303E-05           0.100E+01           0.164E-01
 280           0.760E+04           0.271E-05           0.271E-05           0.100E+01           0.162E-01
 288           0.823E+04           0.242E-05           0.242E-05           0.100E+01           0.157E-01
 296           0.858E+04           0.214E-05           0.214E-05           0.100E+01           0.153E-01
 304           0.913E+04           0.196E-05           0.196E-05           0.100E+01           0.148E-01
 312           0.938E+04           0.176E-05           0.176E-05           0.100E+01           0.143E-01
 320           0.101E+05           0.160E-05           0.160E-05           0.100E+01           0.138E-01
 328           0.107E+05           0.143E-05           0.143E-05           0.100E+01           0.133E-01
 336           0.110E+05           0.129E-05           0.130E-05           0.100E+01           0.132E-01
 344           0.117E+05           0.117E-05           0.117E-05           0.100E+01           0.129E-01
 352           0.120E+05           0.105E-05           0.106E-05           0.100E+01           0.124E-01
 360           0.130E+05           0.969E-06           0.971E-06           0.100E+01           0.120E-01
 368           0.131E+05           0.877E-06           0.879E-06           0.100E+01           0.120E-01
 376           0.138E+05           0.801E-06           0.803E-06           0.100E+01           0.118E-01
 384           0.145E+05           0.739E-06           0.741E-06           0.100E+01           0.115E-01
 392           0.152E+05           0.680E-06           0.682E-06           0.100E+01           0.112E-01
 400           0.159E+05           0.633E-06           0.634E-06           0.100E+01           0.109E-01
 408           0.161E+05           0.577E-06           0.578E-06           0.100E+01           0.106E-01
 416           0.171E+05           0.524E-06           0.526E-06           0.100E+01           0.102E-01
 424           0.177E+05           0.489E-06           0.490E-06           0.100E+01           0.101E-01
 432           0.182E+05           0.455E-06           0.457E-06           0.100E+01           0.993E-02
 440           0.188E+05           0.424E-06           0.426E-06           0.100E+01           0.966E-02
 448           0.196E+05           0.394E-06           0.396E-06           0.100E+01           0.940E-02
 456           0.207E+05           0.370E-06           0.372E-06           0.100E+01           0.921E-02
 464           0.210E+05           0.346E-06           0.348E-06           0.100E+01           0.900E-02
 472           0.217E+05           0.324E-06           0.325E-06           0.100E+01           0.886E-02
 480           0.229E+05           0.308E-06           0.309E-06           0.100E+01           0.847E-02
 488           0.233E+05           0.292E-06           0.294E-06           0.100E+01           0.832E-02
 496           0.243E+05           0.275E-06           0.276E-06           0.100E+01           0.807E-02
 504           0.244E+05           0.260E-06           0.262E-06           0.100E+01           0.812E-02
 512           0.258E+05           0.241E-06           0.243E-06           0.100E+01           0.773E-02
