   0           0.100E+01           0.100E+01           0.100E+01           0.100E+01           0.100E+01
   1           0.900E+01           0.782E-01           0.782E-01           0.100E+01           0.356E+00
   2           0.310E+02           0.318E-01           0.318E-01           0.100E+01           0.199E+00
   3           0.490E+02           0.227E-01           0.227E-01           0.100E+01           0.158E+00
   4           0.105E+03           0.157E-01           0.157E-01           0.100E+01           0.106E+00
   5           0.175E+03           0.127E-01           0.127E-01           0.100E+01           0.659E-01
   6           0.225E+03           0.103E-01           0.103E-01           0.100E+01           0.595E-01
   7           0.301E+03           0.827E-02           0.827E-02           0.100E+01           0.499E-01
   8           0.381E+03           0.696E-02           0.696E-02           0.100E+01           0.439E-01
   9           0.571E+03           0.540E-02           0.540E-02           0.100E+01           0.391E-01
  10           0.625E+03           0.451E-02           0.451E-02           0.100E+01           0.368E-01
  11           0.729E+03           0.370E-02           0.370E-02           0.100E+01           0.348E-01
  12           0.907E+03           0.309E-02           0.309E-02           0.100E+01           0.324E-01
  13           0.109E+04           0.255E-02           0.255E-02           0.100E+01           0.295E-01
  14           0.125E+04           0.224E-02           0.224E-02           0.100E+01           0.277E-01
  15           0.131E+04           0.193E-02           0.193E-02           0.100E+01           0.269E-01
  16           0.167E+04           0.169E-02           0.169E-02           0.100E+01           0.238E-01
  17           0.186E+04           0.145E-02           0.145E-02           0.100E+01           0.233E-01
  18           0.208E+04           0.133E-02           0.133E-02           0.100E+01           0.214E-01
  19           0.218E+04           0.118E-02           0.118E-02           0.100E+01           0.204E-01
  20           0.252E+04           0.113E-02           0.113E-02           0.100E+01           0.182E-01
  21           0.286E+04           0.101E-02           0.101E-02           0.100E+01           0.173E-01
  22           0.299E+04           0.941E-03           0.941E-03           0.100E+01           0.166E-01
  23           0.330E+04           0.855E-03           0.856E-03           0.100E+01           0.160E-01
  24           0.356E+04           0.776E-03           0.776E-03           0.100E+01           0.160E-01
  25           0.402E+04           0.718E-03           0.718E-03           0.100E+01           0.151E-01
  26           0.430E+04           0.647E-03           0.648E-03           0.100E+01           0.147E-01
  27           0.453E+04           0.606E-03           0.606E-03           0.100E+01           0.142E-01
  28           0.498E+04           0.549E-03           0.550E-03           0.100E+01           0.135E-01
  29           0.528E+04           0.510E-03           0.510E-03           0.100E+01           0.132E-01
  30           0.561E+04           0.475E-03           0.475E-03           0.100E+01           0.132E-01
  31           0.607E+04           0.433E-03           0.433E-03           0.100E+01           0.128E-01
  32           0.630E+04           0.404E-03           0.405E-03           0.100E+01           0.124E-01
  33           0.690E+04           0.373E-03           0.373E-03           0.100E+01           0.118E-01
  34           0.738E+04           0.347E-03           0.347E-03           0.100E+01           0.115E-01
  35           0.760E+04           0.324E-03           0.324E-03           0.100E+01           0.115E-01
  36           0.823E+04           0.308E-03           0.309E-03           0.100E+01           0.107E-01
  37           0.858E+04           0.288E-03           0.288E-03           0.100E+01           0.107E-01
  38           0.913E+04           0.268E-03           0.268E-03           0.100E+01           0.104E-01
  39           0.938E+04           0.253E-03           0.254E-03           0.100E+01           0.103E-01
  40           0.101E+05           0.245E-03           0.245E-03           0.100E+01           0.980E-02
  41           0.107E+05           0.227E-03           0.227E-03           0.100E+01           0.966E-02
  42           0.110E+05           0.216E-03           0.216E-03           0.100E+01           0.967E-02
  43           0.117E+05           0.204E-03           0.204E-03           0.100E+01           0.926E-02
  44           0.120E+05           0.194E-03           0.195E-03           0.100E+01           0.925E-02
  45           0.130E+05           0.185E-03           0.185E-03           0.100E+01           0.882E-02
  46           0.131E+05           0.178E-03           0.178E-03           0.100E+01           0.882E-02
  47           0.138E+05           0.170E-03           0.171E-03           0.100E+01           0.850E-02
  48           0.145E+05           0.164E-03           0.165E-03           0.100E+01           0.826E-02
  49           0.152E+05           0.154E-03           0.154E-03           0.100E+01           0.820E-02
  50           0.159E+05           0.152E-03           0.152E-03           0.100E+01           0.796E-02
  51           0.161E+05           0.145E-03           0.146E-03           0.100E+01           0.791E-02
  52           0.171E+05           0.138E-03           0.139E-03           0.100E+01           0.776E-02
  53           0.177E+05           0.131E-03           0.132E-03           0.100E+01           0.773E-02
  54           0.182E+05           0.124E-03           0.125E-03           0.100E+01           0.779E-02
  55           0.188E+05           0.118E-03           0.119E-03           0.100E+01           0.765E-02
  56           0.196E+05           0.114E-03           0.114E-03           0.100E+01           0.747E-02
  57           0.207E+05           0.108E-03           0.109E-03           0.100E+01           0.726E-02
  58           0.210E+05           0.104E-03           0.105E-03           0.100E+01           0.727E-02
  59           0.217E+05           0.993E-04           0.998E-04           0.100E+01           0.714E-02
  60           0.229E+05           0.961E-04           0.965E-04           0.100E+01           0.702E-02
  61           0.233E+05           0.921E-04           0.926E-04           0.100E+01           0.687E-02
  62           0.243E+05           0.892E-04           0.897E-04           0.100E+01           0.676E-02
  63           0.244E+05           0.855E-04           0.860E-04           0.100E+01           0.684E-02
  64           0.258E+05           0.817E-04           0.822E-04           0.100E+01           0.670E-02
  66           0.690E+04           0.756E-04           0.756E-04           0.100E+01           0.131E-01
  68           0.738E+04           0.723E-04           0.724E-04           0.100E+01           0.122E-01
  70           0.760E+04           0.650E-04           0.651E-04           0.100E+01           0.123E-01
  72           0.823E+04           0.602E-04           0.602E-04           0.100E+01           0.119E-01
  74           0.858E+04           0.556E-04           0.556E-04           0.100E+01           0.116E-01
  76           0.913E+04           0.519E-04           0.520E-04           0.100E+01           0.115E-01
  78           0.938E+04           0.494E-04           0.494E-04           0.100E+01           0.111E-01
  80           0.101E+05           0.458E-04           0.458E-04           0.100E+01           0.107E-01
  82           0.107E+05           0.431E-04           0.432E-04           0.100E+01           0.105E-01
  84           0.110E+05           0.410E-04           0.411E-04           0.100E+01           0.103E-01
  86           0.117E+05           0.386E-04           0.386E-04           0.100E+01           0.100E-01
  88           0.120E+05           0.366E-04           0.366E-04           0.100E+01           0.987E-02
  90           0.130E+05           0.341E-04           0.342E-04           0.100E+01           0.929E-02
  92           0.131E+05           0.326E-04           0.327E-04           0.100E+01           0.942E-02
  94           0.138E+05           0.309E-04           0.310E-04           0.100E+01           0.906E-02
  96           0.145E+05           0.297E-04           0.298E-04           0.100E+01           0.887E-02
  98           0.152E+05           0.280E-04           0.281E-04           0.100E+01           0.849E-02
 100           0.159E+05           0.268E-04           0.268E-04           0.100E+01           0.861E-02
 102           0.161E+05           0.253E-04           0.254E-04           0.100E+01           0.850E-02
 104           0.171E+05           0.242E-04           0.242E-04           0.100E+01           0.824E-02
 106           0.177E+05           0.233E-04           0.234E-04           0.100E+01           0.810E-02
 108           0.182E+05           0.221E-04           0.222E-04           0.100E+01           0.791E-02
 110           0.188E+05           0.209E-04           0.209E-04           0.100E+01           0.774E-02
 112           0.196E+05           0.200E-04           0.201E-04           0.100E+01           0.755E-02
 114           0.207E+05           0.192E-04           0.193E-04           0.100E+01           0.730E-02
 116           0.210E+05           0.181E-04           0.182E-04           0.100E+01           0.739E-02
 118           0.217E+05           0.173E-04           0.174E-04           0.100E+01           0.728E-02
 120           0.229E+05           0.164E-04           0.165E-04           0.100E+01           0.715E-02
 122           0.233E+05           0.159E-04           0.160E-04           0.100E+01           0.699E-02
 124           0.243E+05           0.151E-04           0.151E-04           0.100E+01           0.684E-02
 126           0.244E+05           0.144E-04           0.145E-04           0.100E+01           0.680E-02
 128           0.258E+05           0.141E-04           0.142E-04           0.100E+01           0.658E-02
 132           0.690E+04           0.129E-04           0.129E-04           0.100E+01           0.128E-01
 136           0.738E+04           0.122E-04           0.123E-04           0.100E+01           0.121E-01
 140           0.760E+04           0.111E-04           0.111E-04           0.100E+01           0.124E-01
 144           0.823E+04           0.104E-04           0.104E-04           0.100E+01           0.115E-01
 148           0.858E+04           0.953E-05           0.953E-05           0.100E+01           0.114E-01
 152           0.913E+04           0.888E-05           0.888E-05           0.100E+01           0.111E-01
 156           0.938E+04           0.828E-05           0.829E-05           0.100E+01           0.109E-01
 160           0.101E+05           0.755E-05           0.756E-05           0.100E+01           0.105E-01
 164           0.107E+05           0.707E-05           0.708E-05           0.100E+01           0.102E-01
 168           0.110E+05           0.649E-05           0.650E-05           0.100E+01           0.101E-01
 172           0.117E+05           0.610E-05           0.611E-05           0.100E+01           0.966E-02
 176           0.120E+05           0.576E-05           0.577E-05           0.100E+01           0.970E-02
 180           0.130E+05           0.536E-05           0.537E-05           0.100E+01           0.923E-02
 184           0.131E+05           0.504E-05           0.505E-05           0.100E+01           0.928E-02
 188           0.138E+05           0.478E-05           0.479E-05           0.100E+01           0.893E-02
 192           0.145E+05           0.442E-05           0.443E-05           0.100E+01           0.877E-02
 196           0.152E+05           0.419E-05           0.420E-05           0.100E+01           0.849E-02
 200           0.159E+05           0.392E-05           0.393E-05           0.100E+01           0.830E-02
 204           0.161E+05           0.367E-05           0.368E-05           0.100E+01           0.829E-02
 208           0.171E+05           0.350E-05           0.351E-05           0.100E+01           0.801E-02
 212           0.177E+05           0.326E-05           0.327E-05           0.100E+01           0.792E-02
 216           0.182E+05           0.303E-05           0.304E-05           0.100E+01           0.779E-02
 220           0.188E+05           0.291E-05           0.292E-05           0.100E+01           0.764E-02
 224           0.196E+05           0.276E-05           0.277E-05           0.100E+01           0.753E-02
 228           0.207E+05           0.260E-05           0.261E-05           0.100E+01           0.723E-02
 232           0.210E+05           0.244E-05           0.245E-05           0.100E+01           0.724E-02
 236           0.217E+05           0.230E-05           0.232E-05           0.100E+01           0.714E-02
 240           0.229E+05           0.221E-05           0.222E-05           0.100E+01           0.689E-02
 244           0.233E+05           0.208E-05           0.209E-05           0.100E+01           0.686E-02
 248           0.243E+05           0.198E-05           0.200E-05           0.100E+01           0.677E-02
 252           0.244E+05           0.187E-05           0.189E-05           0.100E+01           0.674E-02
 256           0.258E+05           0.182E-05           0.183E-05           0.100E+01           0.659E-02
 264           0.690E+04           0.166E-05           0.166E-05           0.100E+01           0.125E-01
 272           0.738E+04           0.151E-05           0.151E-05           0.100E+01           0.121E-01
 280           0.760E+04           0.136E-05           0.136E-05           0.100E+01           0.118E-01
 288           0.823E+04           0.125E-05           0.126E-05           0.100E+01           0.117E-01
 296           0.858E+04           0.115E-05           0.115E-05           0.100E+01           0.112E-01
 304           0.913E+04           0.107E-05           0.107E-05           0.100E+01           0.110E-01
 312           0.938E+04           0.967E-06           0.968E-06           0.100E+01           0.108E-01
 320           0.101E+05           0.896E-06           0.897E-06           0.100E+01           0.102E-01
 328           0.107E+05           0.845E-06           0.846E-06           0.100E+01           0.101E-01
 336           0.110E+05           0.780E-06           0.781E-06           0.100E+01           0.986E-02
 344           0.117E+05           0.717E-06           0.718E-06           0.100E+01           0.970E-02
 352           0.120E+05           0.675E-06           0.676E-06           0.100E+01           0.971E-02
 360           0.130E+05           0.630E-06           0.631E-06           0.100E+01           0.927E-02
 368           0.131E+05           0.567E-06           0.568E-06           0.100E+01           0.901E-02
 376           0.138E+05           0.537E-06           0.538E-06           0.100E+01           0.885E-02
 384           0.145E+05           0.503E-06           0.504E-06           0.100E+01           0.851E-02
 392           0.152E+05           0.467E-06           0.468E-06           0.100E+01           0.844E-02
 400           0.159E+05           0.442E-06           0.443E-06           0.100E+01           0.819E-02
 408           0.161E+05           0.407E-06           0.408E-06           0.100E+01           0.803E-02
 416           0.171E+05           0.379E-06           0.381E-06           0.100E+01           0.773E-02
 424           0.177E+05           0.356E-06           0.358E-06           0.100E+01           0.770E-02
 432           0.182E+05           0.331E-06           0.332E-06           0.100E+01           0.763E-02
 440           0.188E+05           0.318E-06           0.319E-06           0.100E+01           0.753E-02
 448           0.196E+05           0.301E-06           0.302E-06           0.100E+01           0.730E-02
 456           0.207E+05           0.286E-06           0.287E-06           0.100E+01           0.705E-02
 464           0.210E+05           0.275E-06           0.276E-06           0.100E+01           0.707E-02
 472           0.217E+05           0.257E-06           0.258E-06           0.100E+01           0.689E-02
 480           0.229E+05           0.245E-06           0.246E-06           0.100E+01           0.682E-02
 488           0.233E+05           0.234E-06           0.235E-06           0.100E+01           0.664E-02
 496           0.243E+05           0.221E-06           0.223E-06           0.100E+01           0.652E-02
 504           0.244E+05           0.213E-06           0.214E-06           0.100E+01           0.651E-02
 512           0.258E+05           0.202E-06           0.204E-06           0.100E+01           0.635E-02
