   0           0.100E+01           0.100E+01           0.100E+01           0.100E+01           0.100E+01
   1           0.900E+01           0.150E-05           0.150E-05           0.100E+01           0.281E+00
   2           0.310E+02           0.468E-06           0.468E-06           0.100E+01           0.264E+00
   3           0.490E+02           0.310E-06           0.310E-06           0.100E+01           0.133E+00
   4           0.105E+03           0.243E-06           0.243E-06           0.100E+01           0.124E+00
   5           0.175E+03           0.142E-06           0.142E-06           0.100E+01           0.738E-01
   6           0.225E+03           0.111E-06           0.111E-06           0.100E+01           0.685E-01
   7           0.301E+03           0.814E-07           0.814E-07           0.100E+01           0.578E-01
   8           0.381E+03           0.632E-07           0.632E-07           0.100E+01           0.535E-01
   9           0.571E+03           0.491E-07           0.491E-07           0.100E+01           0.433E-01
  10           0.625E+03           0.385E-07           0.385E-07           0.100E+01           0.418E-01
  11           0.729E+03           0.311E-07           0.311E-07           0.100E+01           0.357E-01
  12           0.907E+03           0.273E-07           0.273E-07           0.100E+01           0.336E-01
  13           0.109E+04           0.233E-07           0.233E-07           0.100E+01           0.308E-01
  14           0.125E+04           0.195E-07           0.195E-07           0.100E+01           0.289E-01
  15           0.131E+04           0.170E-07           0.170E-07           0.100E+01           0.275E-01
  16           0.167E+04           0.145E-07           0.145E-07           0.100E+01           0.251E-01
  17           0.186E+04           0.121E-07           0.121E-07           0.100E+01           0.230E-01
  18           0.208E+04           0.113E-07           0.113E-07           0.100E+01           0.228E-01
  19           0.218E+04           0.102E-07           0.102E-07           0.100E+01           0.213E-01
  20           0.252E+04           0.881E-08           0.881E-08           0.100E+01           0.198E-01
  21           0.286E+04           0.818E-08           0.818E-08           0.100E+01           0.182E-01
  22           0.299E+04           0.684E-08           0.684E-08           0.100E+01           0.185E-01
  23           0.330E+04           0.632E-08           0.632E-08           0.100E+01           0.174E-01
  24           0.356E+04           0.585E-08           0.585E-08           0.100E+01           0.163E-01
  25           0.402E+04           0.510E-08           0.510E-08           0.100E+01           0.159E-01
  26           0.430E+04           0.487E-08           0.487E-08           0.100E+01           0.153E-01
  27           0.453E+04           0.433E-08           0.433E-08           0.100E+01           0.151E-01
  28           0.498E+04           0.420E-08           0.420E-08           0.100E+01           0.143E-01
  29           0.528E+04           0.366E-08           0.366E-08           0.100E+01           0.135E-01
  30           0.561E+04           0.346E-08           0.346E-08           0.100E+01           0.136E-01
  31           0.607E+04           0.323E-08           0.323E-08           0.100E+01           0.130E-01
  32           0.630E+04           0.290E-08           0.290E-08           0.100E+01           0.127E-01
  33           0.690E+04           0.270E-08           0.270E-08           0.100E+01           0.121E-01
  34           0.738E+04           0.252E-08           0.252E-08           0.100E+01           0.117E-01
  35           0.760E+04           0.234E-08           0.234E-08           0.100E+01           0.115E-01
  36           0.823E+04           0.222E-08           0.222E-08           0.100E+01           0.111E-01
  37           0.858E+04           0.204E-08           0.204E-08           0.100E+01           0.108E-01
  38           0.913E+04           0.193E-08           0.193E-08           0.100E+01           0.106E-01
  39           0.938E+04           0.179E-08           0.179E-08           0.100E+01           0.105E-01
  40           0.101E+05           0.169E-08           0.169E-08           0.100E+01           0.101E-01
  41           0.107E+05           0.160E-08           0.160E-08           0.100E+01           0.951E-02
  42           0.110E+05           0.149E-08           0.149E-08           0.100E+01           0.954E-02
  43           0.117E+05           0.143E-08           0.143E-08           0.100E+01           0.935E-02
  44           0.120E+05           0.132E-08           0.132E-08           0.100E+01           0.916E-02
  45           0.130E+05           0.126E-08           0.126E-08           0.100E+01           0.873E-02
  46           0.131E+05           0.120E-08           0.120E-08           0.100E+01           0.870E-02
  47           0.138E+05           0.114E-08           0.114E-08           0.100E+01           0.849E-02
  48           0.145E+05           0.107E-08           0.107E-08           0.100E+01           0.828E-02
  49           0.152E+05           0.102E-08           0.102E-08           0.100E+01           0.814E-02
  50           0.159E+05           0.968E-09           0.968E-09           0.100E+01           0.795E-02
  51           0.161E+05           0.921E-09           0.921E-09           0.100E+01           0.780E-02
  52           0.171E+05           0.868E-09           0.869E-09           0.100E+01           0.759E-02
  53           0.177E+05           0.831E-09           0.831E-09           0.100E+01           0.749E-02
  54           0.182E+05           0.787E-09           0.787E-09           0.100E+01           0.749E-02
  55           0.188E+05           0.764E-09           0.764E-09           0.100E+01           0.731E-02
  56           0.196E+05           0.731E-09           0.731E-09           0.100E+01           0.720E-02
  57           0.207E+05           0.690E-09           0.691E-09           0.100E+01           0.688E-02
  58           0.210E+05           0.661E-09           0.662E-09           0.100E+01           0.690E-02
  59           0.217E+05           0.638E-09           0.638E-09           0.100E+01           0.679E-02
  60           0.229E+05           0.614E-09           0.614E-09           0.100E+01           0.664E-02
  61           0.233E+05           0.588E-09           0.588E-09           0.100E+01           0.656E-02
  62           0.243E+05           0.553E-09           0.553E-09           0.100E+01           0.642E-02
  63           0.244E+05           0.537E-09           0.537E-09           0.100E+01           0.641E-02
  64           0.258E+05           0.518E-09           0.518E-09           0.100E+01           0.622E-02
  65           0.270E+05           0.493E-09           0.493E-09           0.100E+01           0.610E-02
  66           0.272E+05           0.477E-09           0.477E-09           0.100E+01           0.614E-02
  67           0.285E+05           0.459E-09           0.460E-09           0.100E+01           0.591E-02
  68           0.287E+05           0.444E-09           0.444E-09           0.100E+01           0.591E-02
  69           0.303E+05           0.427E-09           0.427E-09           0.100E+01           0.575E-02
  70           0.306E+05           0.407E-09           0.408E-09           0.100E+01           0.569E-02
  71           0.313E+05           0.394E-09           0.394E-09           0.100E+01           0.560E-02
  72           0.329E+05           0.381E-09           0.382E-09           0.100E+01           0.552E-02
  73           0.333E+05           0.368E-09           0.369E-09           0.100E+01           0.544E-02
  74           0.348E+05           0.357E-09           0.357E-09           0.100E+01           0.534E-02
  75           0.350E+05           0.342E-09           0.342E-09           0.100E+01           0.541E-02
  76           0.364E+05           0.332E-09           0.333E-09           0.100E+01           0.524E-02
  77           0.375E+05           0.324E-09           0.325E-09           0.100E+01           0.517E-02
  78           0.379E+05           0.308E-09           0.308E-09           0.100E+01           0.514E-02
  79           0.392E+05           0.298E-09           0.298E-09           0.100E+01           0.506E-02
  80           0.400E+05           0.288E-09           0.288E-09           0.100E+01           0.500E-02
  81           0.416E+05           0.278E-09           0.279E-09           0.100E+01           0.490E-02
  82           0.423E+05           0.270E-09           0.270E-09           0.100E+01           0.490E-02
  83           0.433E+05           0.264E-09           0.264E-09           0.100E+01           0.481E-02
  84           0.441E+05           0.254E-09           0.255E-09           0.100E+01           0.475E-02
  85           0.458E+05           0.247E-09           0.247E-09           0.100E+01           0.467E-02
  86           0.466E+05           0.241E-09           0.242E-09           0.100E+01           0.464E-02
  87           0.472E+05           0.231E-09           0.232E-09           0.100E+01           0.456E-02
  88           0.486E+05           0.227E-09           0.227E-09           0.100E+01           0.452E-02
  89           0.498E+05           0.219E-09           0.219E-09           0.100E+01           0.448E-02
  90           0.513E+05           0.212E-09           0.213E-09           0.100E+01           0.442E-02
  91           0.519E+05           0.206E-09           0.206E-09           0.100E+01           0.436E-02
  92           0.532E+05           0.200E-09           0.200E-09           0.100E+01           0.436E-02
  93           0.543E+05           0.195E-09           0.196E-09           0.100E+01           0.429E-02
  94           0.554E+05           0.188E-09           0.189E-09           0.100E+01           0.426E-02
  95           0.562E+05           0.183E-09           0.184E-09           0.100E+01           0.421E-02
  96           0.579E+05           0.179E-09           0.180E-09           0.100E+01           0.420E-02
  97           0.594E+05           0.175E-09           0.175E-09           0.100E+01           0.411E-02
  98           0.611E+05           0.169E-09           0.169E-09           0.100E+01           0.404E-02
  99           0.610E+05           0.165E-09           0.165E-09           0.100E+01           0.405E-02
 100           0.629E+05           0.160E-09           0.161E-09           0.100E+01           0.400E-02
 101           0.641E+05           0.156E-09           0.156E-09           0.100E+01           0.394E-02
 102           0.655E+05           0.153E-09           0.153E-09           0.100E+01           0.392E-02
 103           0.669E+05           0.149E-09           0.149E-09           0.100E+01           0.387E-02
 104           0.669E+05           0.144E-09           0.145E-09           0.100E+01           0.384E-02
 105           0.703E+05           0.142E-09           0.142E-09           0.100E+01           0.377E-02
 106           0.703E+05           0.138E-09           0.138E-09           0.100E+01           0.377E-02
 107           0.718E+05           0.135E-09           0.135E-09           0.100E+01           0.373E-02
 108           0.732E+05           0.131E-09           0.132E-09           0.100E+01           0.368E-02
 109           0.753E+05           0.128E-09           0.129E-09           0.100E+01           0.365E-02
 110           0.760E+05           0.125E-09           0.125E-09           0.100E+01           0.361E-02
 111           0.767E+05           0.121E-09           0.122E-09           0.100E+01           0.360E-02
 112           0.789E+05           0.120E-09           0.120E-09           0.100E+01           0.355E-02
 113           0.803E+05           0.117E-09           0.118E-09           0.100E+01           0.353E-02
 114           0.821E+05           0.113E-09           0.114E-09           0.100E+01           0.351E-02
 115           0.825E+05           0.111E-09           0.111E-09           0.100E+01           0.348E-02
 116           0.849E+05           0.108E-09           0.109E-09           0.100E+01           0.341E-02
 117           0.865E+05           0.106E-09           0.106E-09           0.100E+01           0.342E-02
 118           0.869E+05           0.104E-09           0.104E-09           0.100E+01           0.339E-02
 119           0.884E+05           0.101E-09           0.101E-09           0.100E+01           0.336E-02
 120           0.909E+05           0.992E-10           0.997E-10           0.100E+01           0.330E-02
 121           0.922E+05           0.965E-10           0.970E-10           0.100E+01           0.328E-02
 122           0.936E+05           0.939E-10           0.944E-10           0.100E+01           0.327E-02
 123           0.951E+05           0.929E-10           0.934E-10           0.100E+01           0.324E-02
 124           0.963E+05           0.901E-10           0.906E-10           0.100E+01           0.322E-02
 125           0.991E+05           0.885E-10           0.890E-10           0.100E+01           0.318E-02
 126           0.990E+05           0.869E-10           0.875E-10           0.100E+01           0.318E-02
 127           0.101E+06           0.850E-10           0.855E-10           0.100E+01           0.314E-02
 128           0.103E+06           0.833E-10           0.839E-10           0.100E+01           0.312E-02
 130           0.270E+05           0.798E-10           0.798E-10           0.100E+01           0.606E-02
 132           0.272E+05           0.767E-10           0.767E-10           0.100E+01           0.601E-02
 134           0.285E+05           0.731E-10           0.732E-10           0.100E+01           0.594E-02
 136           0.287E+05           0.706E-10           0.707E-10           0.100E+01           0.593E-02
 138           0.303E+05           0.680E-10           0.681E-10           0.100E+01           0.575E-02
 140           0.306E+05           0.656E-10           0.657E-10           0.100E+01           0.568E-02
 142           0.313E+05           0.628E-10           0.628E-10           0.100E+01           0.568E-02
 144           0.329E+05           0.607E-10           0.608E-10           0.100E+01           0.553E-02
 146           0.333E+05           0.575E-10           0.575E-10           0.100E+01           0.547E-02
 148           0.348E+05           0.562E-10           0.563E-10           0.100E+01           0.535E-02
 150           0.350E+05           0.538E-10           0.538E-10           0.100E+01           0.532E-02
 152           0.364E+05           0.520E-10           0.521E-10           0.100E+01           0.528E-02
 154           0.375E+05           0.501E-10           0.502E-10           0.100E+01           0.515E-02
 156           0.379E+05           0.485E-10           0.486E-10           0.100E+01           0.513E-02
 158           0.392E+05           0.470E-10           0.470E-10           0.100E+01           0.502E-02
 160           0.400E+05           0.454E-10           0.455E-10           0.100E+01           0.498E-02
 162           0.416E+05           0.437E-10           0.438E-10           0.100E+01           0.492E-02
 164           0.423E+05           0.422E-10           0.423E-10           0.100E+01           0.483E-02
 166           0.433E+05           0.410E-10           0.410E-10           0.100E+01           0.480E-02
 168           0.441E+05           0.396E-10           0.397E-10           0.100E+01           0.476E-02
 170           0.458E+05           0.383E-10           0.384E-10           0.100E+01           0.468E-02
 172           0.466E+05           0.372E-10           0.372E-10           0.100E+01           0.462E-02
 174           0.472E+05           0.359E-10           0.360E-10           0.100E+01           0.458E-02
 176           0.486E+05           0.351E-10           0.351E-10           0.100E+01           0.456E-02
 178           0.498E+05           0.339E-10           0.340E-10           0.100E+01           0.449E-02
 180           0.513E+05           0.325E-10           0.325E-10           0.100E+01           0.443E-02
 182           0.519E+05           0.316E-10           0.316E-10           0.100E+01           0.441E-02
 184           0.532E+05           0.311E-10           0.311E-10           0.100E+01           0.431E-02
 186           0.543E+05           0.300E-10           0.301E-10           0.100E+01           0.428E-02
 188           0.554E+05           0.291E-10           0.291E-10           0.100E+01           0.426E-02
 190           0.562E+05           0.285E-10           0.285E-10           0.100E+01           0.420E-02
 192           0.579E+05           0.274E-10           0.275E-10           0.100E+01           0.413E-02
 194           0.594E+05           0.266E-10           0.267E-10           0.100E+01           0.411E-02
 196           0.611E+05           0.261E-10           0.262E-10           0.100E+01           0.406E-02
 198           0.610E+05           0.253E-10           0.253E-10           0.100E+01           0.404E-02
 200           0.629E+05           0.246E-10           0.246E-10           0.100E+01           0.398E-02
 202           0.641E+05           0.238E-10           0.239E-10           0.100E+01           0.395E-02
 204           0.655E+05           0.231E-10           0.232E-10           0.100E+01           0.392E-02
 206           0.669E+05           0.228E-10           0.228E-10           0.100E+01           0.384E-02
 208           0.669E+05           0.220E-10           0.220E-10           0.100E+01           0.389E-02
 210           0.703E+05           0.216E-10           0.216E-10           0.100E+01           0.378E-02
 212           0.703E+05           0.210E-10           0.211E-10           0.100E+01           0.378E-02
 214           0.718E+05           0.204E-10           0.204E-10           0.100E+01           0.372E-02
 216           0.732E+05           0.198E-10           0.199E-10           0.100E+01           0.371E-02
 218           0.753E+05           0.194E-10           0.195E-10           0.100E+01           0.364E-02
 220           0.760E+05           0.188E-10           0.189E-10           0.100E+01           0.362E-02
 222           0.767E+05           0.185E-10           0.185E-10           0.100E+01           0.363E-02
 224           0.789E+05           0.180E-10           0.181E-10           0.100E+01           0.356E-02
 226           0.803E+05           0.176E-10           0.176E-10           0.100E+01           0.352E-02
 228           0.821E+05           0.171E-10           0.172E-10           0.100E+01           0.348E-02
 230           0.825E+05           0.167E-10           0.168E-10           0.100E+01           0.348E-02
 232           0.849E+05           0.164E-10           0.165E-10           0.100E+01           0.345E-02
 234           0.865E+05           0.159E-10           0.160E-10           0.100E+01           0.341E-02
 236           0.869E+05           0.156E-10           0.156E-10           0.100E+01           0.338E-02
 238           0.884E+05           0.152E-10           0.153E-10           0.100E+01           0.337E-02
 240           0.909E+05           0.148E-10           0.148E-10           0.100E+01           0.334E-02
 242           0.922E+05           0.143E-10           0.144E-10           0.100E+01           0.328E-02
 244           0.936E+05           0.141E-10           0.142E-10           0.100E+01           0.328E-02
 246           0.951E+05           0.137E-10           0.138E-10           0.100E+01           0.323E-02
 248           0.963E+05           0.133E-10           0.134E-10           0.100E+01           0.321E-02
 250           0.991E+05           0.128E-10           0.129E-10           0.100E+01           0.317E-02
 252           0.990E+05           0.122E-10           0.123E-10           0.100E+01           0.318E-02
 254           0.101E+06           0.112E-10           0.113E-10           0.100E+01           0.314E-02
 256           0.103E+06           0.673E-11           0.678E-11           0.100E+01           0.365E-02
 260           0.270E+05           0.173E-11           0.173E-11           0.100E+01           0.109E-01
 264           0.272E+05           0.135E-11           0.135E-11           0.100E+01           0.176E-01
 268           0.285E+05           0.140E-11           0.140E-11           0.100E+01           0.210E-01
 272           0.287E+05           0.168E-11           0.168E-11           0.100E+01           0.220E-01
 276           0.303E+05           0.188E-11           0.188E-11           0.100E+01           0.210E-01
 280           0.306E+05           0.218E-11           0.218E-11           0.100E+01           0.205E-01
 284           0.313E+05           0.259E-11           0.259E-11           0.100E+01           0.192E-01
 288           0.329E+05           0.276E-11           0.277E-11           0.100E+01           0.188E-01
 292           0.333E+05           0.327E-11           0.328E-11           0.100E+01           0.183E-01
 296           0.348E+05           0.372E-11           0.372E-11           0.100E+01           0.178E-01
 300           0.350E+05           0.403E-11           0.403E-11           0.100E+01           0.171E-01
 304           0.364E+05           0.451E-11           0.452E-11           0.100E+01           0.167E-01
 308           0.375E+05           0.515E-11           0.516E-11           0.100E+01           0.169E-01
 312           0.379E+05           0.582E-11           0.583E-11           0.100E+01           0.163E-01
 316           0.392E+05           0.613E-11           0.613E-11           0.100E+01           0.162E-01
 320           0.400E+05           0.699E-11           0.699E-11           0.100E+01           0.158E-01
 324           0.416E+05           0.770E-11           0.771E-11           0.100E+01           0.165E-01
 328           0.423E+05           0.836E-11           0.837E-11           0.100E+01           0.155E-01
 332           0.433E+05           0.933E-11           0.934E-11           0.100E+01           0.162E-01
 336           0.441E+05           0.102E-10           0.102E-10           0.100E+01           0.161E-01
 340           0.458E+05           0.113E-10           0.114E-10           0.100E+01           0.163E-01
 344           0.466E+05           0.126E-10           0.126E-10           0.100E+01           0.164E-01
 348           0.472E+05           0.137E-10           0.137E-10           0.100E+01           0.165E-01
 352           0.486E+05           0.147E-10           0.147E-10           0.100E+01           0.166E-01
 356           0.498E+05           0.165E-10           0.165E-10           0.100E+01           0.168E-01
 360           0.513E+05           0.176E-10           0.176E-10           0.100E+01           0.168E-01
 364           0.519E+05           0.201E-10           0.202E-10           0.100E+01           0.174E-01
 368           0.532E+05           0.215E-10           0.215E-10           0.100E+01           0.173E-01
 372           0.543E+05           0.239E-10           0.239E-10           0.100E+01           0.174E-01
 376           0.554E+05           0.263E-10           0.263E-10           0.100E+01           0.179E-01
 380           0.562E+05           0.290E-10           0.290E-10           0.100E+01           0.186E-01
 384           0.579E+05           0.322E-10           0.323E-10           0.100E+01           0.187E-01
 388           0.594E+05           0.363E-10           0.364E-10           0.100E+01           0.190E-01
 392           0.611E+05           0.401E-10           0.402E-10           0.100E+01           0.194E-01
 396           0.610E+05           0.456E-10           0.457E-10           0.100E+01           0.202E-01
 400           0.629E+05           0.519E-10           0.520E-10           0.100E+01           0.205E-01
 404           0.641E+05           0.579E-10           0.581E-10           0.100E+01           0.214E-01
 408           0.655E+05           0.627E-10           0.629E-10           0.100E+01           0.213E-01
 412           0.669E+05           0.724E-10           0.726E-10           0.100E+01           0.222E-01
 416           0.669E+05           0.845E-10           0.847E-10           0.100E+01           0.237E-01
 420           0.703E+05           0.948E-10           0.951E-10           0.100E+01           0.248E-01
 424           0.703E+05           0.111E-09           0.111E-09           0.100E+01           0.253E-01
 428           0.718E+05           0.125E-09           0.125E-09           0.100E+01           0.259E-01
 432           0.732E+05           0.147E-09           0.148E-09           0.100E+01           0.271E-01
 436           0.753E+05           0.167E-09           0.167E-09           0.100E+01           0.279E-01
 440           0.760E+05           0.204E-09           0.204E-09           0.100E+01           0.295E-01
 444           0.767E+05           0.241E-09           0.242E-09           0.100E+01           0.341E-01
 448           0.789E+05           0.282E-09           0.283E-09           0.100E+01           0.334E-01
 452           0.803E+05           0.345E-09           0.347E-09           0.100E+01           0.342E-01
 456           0.821E+05           0.430E-09           0.432E-09           0.100E+01           0.375E-01
 460           0.825E+05           0.518E-09           0.520E-09           0.100E+01           0.402E-01
 464           0.849E+05           0.646E-09           0.648E-09           0.100E+01           0.406E-01
 468           0.865E+05           0.820E-09           0.824E-09           0.100E+01           0.487E-01
 472           0.869E+05           0.105E-08           0.106E-08           0.100E+01           0.485E-01
 476           0.884E+05           0.136E-08           0.136E-08           0.100E+01           0.539E-01
 480           0.909E+05           0.193E-08           0.194E-08           0.100E+01           0.665E-01
 484           0.922E+05           0.269E-08           0.271E-08           0.100E+01           0.766E-01
 488           0.936E+05           0.402E-08           0.404E-08           0.100E+01           0.863E-01
 492           0.951E+05           0.561E-08           0.564E-08           0.100E+01           0.893E-01
 496           0.963E+05           0.869E-08           0.874E-08           0.100E+01           0.108E+00
 500           0.991E+05           0.167E-07           0.167E-07           0.100E+01           0.142E+00
 504           0.990E+05           0.244E-07           0.245E-07           0.100E+01           0.186E+00
 508           0.101E+06           0.811E-07           0.815E-07           0.100E+01           0.253E+00
 512           0.103E+06           0.985E-06           0.991E-06           0.100E+01           0.611E+00
