   0           0.100E+01           0.100E+01           0.100E+01           0.100E+01           0.100E+01
   1           0.900E+01           0.537E-05           0.537E-05           0.100E+01           0.198E+00
   2           0.310E+02           0.310E-05           0.310E-05           0.100E+01           0.160E+00
   3           0.490E+02           0.186E-05           0.186E-05           0.100E+01           0.143E+00
   4           0.105E+03           0.117E-05           0.117E-05           0.100E+01           0.101E+00
   5           0.175E+03           0.687E-06           0.687E-06           0.100E+01           0.836E-01
   6           0.225E+03           0.506E-06           0.506E-06           0.100E+01           0.636E-01
   7           0.301E+03           0.397E-06           0.397E-06           0.100E+01           0.565E-01
   8           0.381E+03           0.288E-06           0.288E-06           0.100E+01           0.489E-01
   9           0.571E+03           0.233E-06           0.233E-06           0.100E+01           0.422E-01
  10           0.625E+03           0.175E-06           0.175E-06           0.100E+01           0.397E-01
  11           0.729E+03           0.143E-06           0.143E-06           0.100E+01           0.394E-01
  12           0.907E+03           0.124E-06           0.124E-06           0.100E+01           0.326E-01
  13           0.109E+04           0.992E-07           0.992E-07           0.100E+01           0.286E-01
  14           0.125E+04           0.866E-07           0.866E-07           0.100E+01           0.281E-01
  15           0.131E+04           0.763E-07           0.763E-07           0.100E+01           0.274E-01
  16           0.167E+04           0.669E-07           0.669E-07           0.100E+01           0.245E-01
  17           0.186E+04           0.560E-07           0.560E-07           0.100E+01           0.235E-01
  18           0.208E+04           0.486E-07           0.486E-07           0.100E+01           0.217E-01
  19           0.218E+04           0.442E-07           0.442E-07           0.100E+01           0.226E-01
  20           0.252E+04           0.406E-07           0.406E-07           0.100E+01           0.205E-01
  21           0.286E+04           0.349E-07           0.349E-07           0.100E+01           0.192E-01
  22           0.299E+04           0.327E-07           0.327E-07           0.100E+01           0.182E-01
  23           0.330E+04           0.291E-07           0.291E-07           0.100E+01           0.184E-01
  24           0.356E+04           0.263E-07           0.263E-07           0.100E+01           0.166E-01
  25           0.402E+04           0.238E-07           0.238E-07           0.100E+01           0.160E-01
  26           0.430E+04           0.218E-07           0.218E-07           0.100E+01           0.167E-01
  27           0.453E+04           0.203E-07           0.203E-07           0.100E+01           0.161E-01
  28           0.498E+04           0.185E-07           0.185E-07           0.100E+01           0.150E-01
  29           0.528E+04           0.167E-07           0.167E-07           0.100E+01           0.144E-01
  30           0.561E+04           0.160E-07           0.160E-07           0.100E+01           0.138E-01
  31           0.607E+04           0.146E-07           0.146E-07           0.100E+01           0.134E-01
  32           0.630E+04           0.131E-07           0.131E-07           0.100E+01           0.134E-01
  33           0.690E+04           0.124E-07           0.124E-07           0.100E+01           0.124E-01
  34           0.738E+04           0.117E-07           0.117E-07           0.100E+01           0.123E-01
  35           0.760E+04           0.108E-07           0.108E-07           0.100E+01           0.123E-01
  36           0.823E+04           0.101E-07           0.101E-07           0.100E+01           0.111E-01
  37           0.858E+04           0.943E-08           0.943E-08           0.100E+01           0.113E-01
  38           0.913E+04           0.892E-08           0.893E-08           0.100E+01           0.108E-01
  39           0.938E+04           0.829E-08           0.830E-08           0.100E+01           0.104E-01
  40           0.101E+05           0.787E-08           0.788E-08           0.100E+01           0.107E-01
  41           0.107E+05           0.741E-08           0.742E-08           0.100E+01           0.104E-01
  42           0.110E+05           0.703E-08           0.704E-08           0.100E+01           0.100E-01
  43           0.117E+05           0.654E-08           0.655E-08           0.100E+01           0.102E-01
  44           0.120E+05           0.638E-08           0.639E-08           0.100E+01           0.967E-02
  45           0.130E+05           0.602E-08           0.603E-08           0.100E+01           0.952E-02
  46           0.131E+05           0.567E-08           0.568E-08           0.100E+01           0.945E-02
  47           0.138E+05           0.541E-08           0.542E-08           0.100E+01           0.924E-02
  48           0.145E+05           0.506E-08           0.507E-08           0.100E+01           0.881E-02
  49           0.152E+05           0.483E-08           0.484E-08           0.100E+01           0.940E-02
  50           0.159E+05           0.459E-08           0.460E-08           0.100E+01           0.849E-02
  51           0.161E+05           0.438E-08           0.439E-08           0.100E+01           0.851E-02
  52           0.171E+05           0.419E-08           0.421E-08           0.100E+01           0.865E-02
  53           0.177E+05           0.398E-08           0.400E-08           0.100E+01           0.873E-02
  54           0.182E+05           0.385E-08           0.386E-08           0.100E+01           0.809E-02
  55           0.188E+05           0.371E-08           0.372E-08           0.100E+01           0.808E-02
  56           0.196E+05           0.354E-08           0.355E-08           0.100E+01           0.811E-02
  57           0.207E+05           0.338E-08           0.339E-08           0.100E+01           0.774E-02
  58           0.210E+05           0.326E-08           0.328E-08           0.100E+01           0.778E-02
  59           0.217E+05           0.308E-08           0.310E-08           0.100E+01           0.769E-02
  60           0.229E+05           0.295E-08           0.296E-08           0.100E+01           0.753E-02
  61           0.233E+05           0.285E-08           0.286E-08           0.100E+01           0.761E-02
  62           0.243E+05           0.272E-08           0.274E-08           0.100E+01           0.776E-02
  63           0.244E+05           0.266E-08           0.268E-08           0.100E+01           0.762E-02
  64           0.258E+05           0.254E-08           0.256E-08           0.100E+01           0.776E-02
  66           0.690E+04           0.241E-08           0.241E-08           0.100E+01           0.181E-01
  68           0.738E+04           0.226E-08           0.226E-08           0.100E+01           0.188E-01
  70           0.760E+04           0.210E-08           0.210E-08           0.100E+01           0.191E-01
  72           0.823E+04           0.191E-08           0.191E-08           0.100E+01           0.181E-01
  74           0.858E+04           0.181E-08           0.181E-08           0.100E+01           0.185E-01
  76           0.913E+04           0.169E-08           0.170E-08           0.100E+01           0.157E-01
  78           0.938E+04           0.157E-08           0.157E-08           0.100E+01           0.174E-01
  80           0.101E+05           0.151E-08           0.151E-08           0.100E+01           0.174E-01
  82           0.107E+05           0.138E-08           0.138E-08           0.100E+01           0.155E-01
  84           0.110E+05           0.133E-08           0.133E-08           0.100E+01           0.160E-01
  86           0.117E+05           0.127E-08           0.127E-08           0.100E+01           0.161E-01
  88           0.120E+05           0.118E-08           0.119E-08           0.100E+01           0.196E-01
  90           0.130E+05           0.111E-08           0.111E-08           0.100E+01           0.185E-01
  92           0.131E+05           0.106E-08           0.107E-08           0.100E+01           0.169E-01
  94           0.138E+05           0.102E-08           0.102E-08           0.100E+01           0.178E-01
  96           0.145E+05           0.950E-09           0.952E-09           0.100E+01           0.171E-01
  98           0.152E+05           0.922E-09           0.924E-09           0.100E+01           0.203E-01
 100           0.159E+05           0.868E-09           0.870E-09           0.100E+01           0.181E-01
 102           0.161E+05           0.836E-09           0.838E-09           0.100E+01           0.188E-01
 104           0.171E+05           0.793E-09           0.796E-09           0.100E+01           0.178E-01
 106           0.177E+05           0.754E-09           0.756E-09           0.100E+01           0.158E-01
 108           0.182E+05           0.718E-09           0.720E-09           0.100E+01           0.165E-01
 110           0.188E+05           0.681E-09           0.683E-09           0.100E+01           0.166E-01
 112           0.196E+05           0.666E-09           0.668E-09           0.100E+01           0.177E-01
 114           0.207E+05           0.629E-09           0.632E-09           0.100E+01           0.165E-01
 116           0.210E+05           0.615E-09           0.617E-09           0.100E+01           0.179E-01
 118           0.217E+05           0.584E-09           0.587E-09           0.100E+01           0.185E-01
 120           0.229E+05           0.568E-09           0.570E-09           0.100E+01           0.181E-01
 122           0.233E+05           0.540E-09           0.543E-09           0.100E+01           0.198E-01
 124           0.243E+05           0.528E-09           0.531E-09           0.100E+01           0.202E-01
 126           0.244E+05           0.504E-09           0.507E-09           0.100E+01           0.206E-01
 128           0.258E+05           0.474E-09           0.477E-09           0.100E+01           0.183E-01
 132           0.690E+04           0.457E-09           0.458E-09           0.100E+01           0.745E-01
 136           0.738E+04           0.377E-09           0.378E-09           0.100E+01           0.850E-01
 140           0.760E+04           0.314E-09           0.315E-09           0.100E+01           0.985E-01
 144           0.823E+04           0.272E-09           0.272E-09           0.100E+01           0.105E+00
 148           0.858E+04           0.221E-09           0.221E-09           0.100E+01           0.124E+00
 152           0.913E+04           0.190E-09           0.190E-09           0.100E+01           0.139E+00
 156           0.938E+04           0.158E-09           0.159E-09           0.100E+01           0.160E+00
 160           0.101E+05           0.132E-09           0.132E-09           0.100E+01           0.180E+00
 164           0.107E+05           0.109E-09           0.109E-09           0.100E+01           0.205E+00
 168           0.110E+05           0.924E-10           0.926E-10           0.100E+01           0.234E+00
 172           0.117E+05           0.759E-10           0.760E-10           0.100E+01           0.265E+00
 176           0.120E+05           0.638E-10           0.639E-10           0.100E+01           0.302E+00
 180           0.130E+05           0.541E-10           0.542E-10           0.100E+01           0.320E+00
 184           0.131E+05           0.477E-10           0.478E-10           0.100E+01           0.343E+00
 188           0.138E+05           0.445E-10           0.445E-10           0.100E+01           0.341E+00
 192           0.145E+05           0.424E-10           0.425E-10           0.100E+01           0.304E+00
 196           0.152E+05           0.465E-10           0.466E-10           0.100E+01           0.310E+00
 200           0.159E+05           0.562E-10           0.563E-10           0.100E+01           0.255E+00
 204           0.161E+05           0.591E-10           0.593E-10           0.100E+01           0.234E+00
 208           0.171E+05           0.699E-10           0.701E-10           0.100E+01           0.179E+00
 212           0.177E+05           0.807E-10           0.810E-10           0.100E+01           0.145E+00
 216           0.182E+05           0.903E-10           0.906E-10           0.100E+01           0.125E+00
 220           0.188E+05           0.116E-09           0.116E-09           0.100E+01           0.953E-01
 224           0.196E+05           0.132E-09           0.133E-09           0.100E+01           0.815E-01
 228           0.207E+05           0.161E-09           0.162E-09           0.100E+01           0.648E-01
 232           0.210E+05           0.188E-09           0.189E-09           0.100E+01           0.563E-01
 236           0.217E+05           0.223E-09           0.224E-09           0.100E+01           0.466E-01
 240           0.229E+05           0.258E-09           0.260E-09           0.100E+01           0.397E-01
 244           0.233E+05           0.295E-09           0.297E-09           0.100E+01           0.353E-01
 248           0.243E+05           0.362E-09           0.364E-09           0.100E+01           0.303E-01
 252           0.244E+05           0.408E-09           0.410E-09           0.100E+01           0.279E-01
 256           0.258E+05           0.484E-09           0.487E-09           0.100E+01           0.225E-01
 264           0.690E+04           0.731E-09           0.732E-09           0.100E+01           0.545E-01
 272           0.738E+04           0.824E-09           0.825E-09           0.100E+01           0.498E-01
 280           0.760E+04           0.128E-08           0.128E-08           0.100E+01           0.456E-01
 288           0.823E+04           0.183E-08           0.183E-08           0.100E+01           0.445E-01
 296           0.858E+04           0.232E-08           0.233E-08           0.100E+01           0.558E-01
 304           0.913E+04           0.386E-08           0.386E-08           0.100E+01           0.488E-01
 312           0.938E+04           0.395E-08           0.395E-08           0.100E+01           0.541E-01
 320           0.101E+05           0.108E-07           0.108E-07           0.100E+01           0.680E-01
 328           0.107E+05           0.115E-07           0.115E-07           0.100E+01           0.924E-01
 336           0.110E+05           0.425E-07           0.425E-07           0.100E+01           0.125E+00
 344           0.117E+05           0.378E-07           0.379E-07           0.100E+01           0.133E+00
 352           0.120E+05           0.125E-06           0.126E-06           0.100E+01           0.302E+00
 360           0.130E+05           0.517E-06           0.518E-06           0.100E+01           0.272E+00
 368           0.131E+05           0.124E-06           0.124E-06           0.100E+01           0.205E+00
 376           0.138E+05           0.123E-06           0.123E-06           0.100E+01           0.164E+00
 384           0.145E+05           0.395E-07           0.396E-07           0.100E+01           0.121E+00
 392           0.152E+05           0.199E-07           0.200E-07           0.100E+01           0.970E-01
 400           0.159E+05           0.237E-07           0.237E-07           0.100E+01           0.578E-01
 408           0.161E+05           0.947E-08           0.950E-08           0.100E+01           0.587E-01
 416           0.171E+05           0.937E-08           0.940E-08           0.100E+01           0.416E-01
 424           0.177E+05           0.598E-08           0.600E-08           0.100E+01           0.330E-01
 432           0.182E+05           0.480E-08           0.481E-08           0.100E+01           0.307E-01
 440           0.188E+05           0.470E-08           0.471E-08           0.100E+01           0.273E-01
 448           0.196E+05           0.405E-08           0.406E-08           0.100E+01           0.395E-01
 456           0.207E+05           0.446E-08           0.447E-08           0.100E+01           0.418E-01
 464           0.210E+05           0.485E-08           0.487E-08           0.100E+01           0.589E-01
 472           0.217E+05           0.674E-08           0.677E-08           0.100E+01           0.793E-01
 480           0.229E+05           0.990E-08           0.994E-08           0.100E+01           0.105E+00
 488           0.233E+05           0.193E-07           0.194E-07           0.100E+01           0.172E+00
 496           0.243E+05           0.183E-07           0.184E-07           0.100E+01           0.143E+00
 504           0.244E+05           0.365E-07           0.367E-07           0.100E+01           0.198E+00
 512           0.258E+05           0.391E-07           0.393E-07           0.100E+01           0.194E+00
