   0           0.100E+01           0.100E+01           0.100E+01           0.100E+01           0.100E+01
   1           0.900E+01           0.111E-04           0.111E-04           0.100E+01           0.253E+00
   2           0.310E+02           0.453E-05           0.453E-05           0.100E+01           0.177E+00
   3           0.490E+02           0.213E-05           0.213E-05           0.100E+01           0.135E+00
   4           0.105E+03           0.196E-05           0.196E-05           0.100E+01           0.106E+00
   5           0.175E+03           0.109E-05           0.109E-05           0.100E+01           0.718E-01
   6           0.225E+03           0.687E-06           0.687E-06           0.100E+01           0.650E-01
   7           0.301E+03           0.588E-06           0.588E-06           0.100E+01           0.563E-01
   8           0.381E+03           0.426E-06           0.426E-06           0.100E+01           0.523E-01
   9           0.571E+03           0.327E-06           0.327E-06           0.100E+01           0.430E-01
  10           0.625E+03           0.243E-06           0.243E-06           0.100E+01           0.410E-01
  11           0.729E+03           0.194E-06           0.194E-06           0.100E+01           0.352E-01
  12           0.907E+03           0.162E-06           0.162E-06           0.100E+01           0.350E-01
  13           0.109E+04           0.146E-06           0.146E-06           0.100E+01           0.303E-01
  14           0.125E+04           0.112E-06           0.112E-06           0.100E+01           0.281E-01
  15           0.131E+04           0.944E-07           0.944E-07           0.100E+01           0.287E-01
  16           0.167E+04           0.835E-07           0.835E-07           0.100E+01           0.234E-01
  17           0.186E+04           0.759E-07           0.759E-07           0.100E+01           0.224E-01
  18           0.208E+04           0.637E-07           0.637E-07           0.100E+01           0.214E-01
  19           0.218E+04           0.585E-07           0.585E-07           0.100E+01           0.210E-01
  20           0.252E+04           0.498E-07           0.498E-07           0.100E+01           0.200E-01
  21           0.286E+04           0.441E-07           0.441E-07           0.100E+01           0.189E-01
  22           0.299E+04           0.412E-07           0.412E-07           0.100E+01           0.188E-01
  23           0.330E+04           0.354E-07           0.354E-07           0.100E+01           0.175E-01
  24           0.356E+04           0.325E-07           0.325E-07           0.100E+01           0.165E-01
  25           0.402E+04           0.293E-07           0.293E-07           0.100E+01           0.159E-01
  26           0.430E+04           0.259E-07           0.259E-07           0.100E+01           0.153E-01
  27           0.453E+04           0.247E-07           0.247E-07           0.100E+01           0.150E-01
  28           0.498E+04           0.224E-07           0.224E-07           0.100E+01           0.142E-01
  29           0.528E+04           0.210E-07           0.210E-07           0.100E+01           0.139E-01
  30           0.561E+04           0.184E-07           0.184E-07           0.100E+01           0.132E-01
  31           0.607E+04           0.173E-07           0.173E-07           0.100E+01           0.129E-01
  32           0.630E+04           0.160E-07           0.160E-07           0.100E+01           0.125E-01
  33           0.690E+04           0.148E-07           0.148E-07           0.100E+01           0.123E-01
  34           0.738E+04           0.137E-07           0.137E-07           0.100E+01           0.115E-01
  35           0.760E+04           0.126E-07           0.126E-07           0.100E+01           0.113E-01
  36           0.823E+04           0.121E-07           0.121E-07           0.100E+01           0.109E-01
  37           0.858E+04           0.113E-07           0.113E-07           0.100E+01           0.105E-01
  38           0.913E+04           0.105E-07           0.105E-07           0.100E+01           0.105E-01
  39           0.938E+04           0.991E-08           0.992E-08           0.100E+01           0.103E-01
  40           0.101E+05           0.921E-08           0.922E-08           0.100E+01           0.989E-02
  41           0.107E+05           0.871E-08           0.872E-08           0.100E+01           0.981E-02
  42           0.110E+05           0.830E-08           0.831E-08           0.100E+01           0.967E-02
  43           0.117E+05           0.767E-08           0.768E-08           0.100E+01           0.931E-02
  44           0.120E+05           0.729E-08           0.731E-08           0.100E+01           0.897E-02
  45           0.130E+05           0.689E-08           0.690E-08           0.100E+01           0.891E-02
  46           0.131E+05           0.657E-08           0.658E-08           0.100E+01           0.874E-02
  47           0.138E+05           0.626E-08           0.627E-08           0.100E+01           0.850E-02
  48           0.145E+05           0.584E-08           0.585E-08           0.100E+01           0.832E-02
  49           0.152E+05           0.560E-08           0.561E-08           0.100E+01           0.812E-02
  50           0.159E+05           0.529E-08           0.530E-08           0.100E+01           0.796E-02
  51           0.161E+05           0.507E-08           0.508E-08           0.100E+01           0.797E-02
  52           0.171E+05           0.482E-08           0.483E-08           0.100E+01           0.771E-02
  53           0.177E+05           0.452E-08           0.453E-08           0.100E+01           0.761E-02
  54           0.182E+05           0.440E-08           0.442E-08           0.100E+01           0.748E-02
  55           0.188E+05           0.420E-08           0.422E-08           0.100E+01           0.731E-02
  56           0.196E+05           0.401E-08           0.403E-08           0.100E+01           0.726E-02
  57           0.207E+05           0.387E-08           0.388E-08           0.100E+01           0.695E-02
  58           0.210E+05           0.368E-08           0.370E-08           0.100E+01           0.680E-02
  59           0.217E+05           0.355E-08           0.356E-08           0.100E+01           0.685E-02
  60           0.229E+05           0.341E-08           0.343E-08           0.100E+01           0.659E-02
  61           0.233E+05           0.323E-08           0.325E-08           0.100E+01           0.654E-02
  62           0.243E+05           0.310E-08           0.312E-08           0.100E+01           0.647E-02
  63           0.244E+05           0.296E-08           0.298E-08           0.100E+01           0.639E-02
  64           0.258E+05           0.291E-08           0.292E-08           0.100E+01           0.628E-02
  66           0.690E+04           0.264E-08           0.264E-08           0.100E+01           0.119E-01
  68           0.738E+04           0.250E-08           0.250E-08           0.100E+01           0.116E-01
  70           0.760E+04           0.227E-08           0.228E-08           0.100E+01           0.113E-01
  72           0.823E+04           0.210E-08           0.210E-08           0.100E+01           0.110E-01
  74           0.858E+04           0.197E-08           0.198E-08           0.100E+01           0.108E-01
  76           0.913E+04           0.188E-08           0.188E-08           0.100E+01           0.102E-01
  78           0.938E+04           0.175E-08           0.175E-08           0.100E+01           0.104E-01
  80           0.101E+05           0.164E-08           0.164E-08           0.100E+01           0.985E-02
  82           0.107E+05           0.152E-08           0.153E-08           0.100E+01           0.977E-02
  84           0.110E+05           0.142E-08           0.143E-08           0.100E+01           0.946E-02
  86           0.117E+05           0.135E-08           0.135E-08           0.100E+01           0.939E-02
  88           0.120E+05           0.130E-08           0.130E-08           0.100E+01           0.914E-02
  90           0.130E+05           0.120E-08           0.120E-08           0.100E+01           0.877E-02
  92           0.131E+05           0.115E-08           0.115E-08           0.100E+01           0.872E-02
  94           0.138E+05           0.110E-08           0.110E-08           0.100E+01           0.866E-02
  96           0.145E+05           0.103E-08           0.103E-08           0.100E+01           0.822E-02
  98           0.152E+05           0.975E-09           0.977E-09           0.100E+01           0.813E-02
 100           0.159E+05           0.935E-09           0.938E-09           0.100E+01           0.810E-02
 102           0.161E+05           0.881E-09           0.883E-09           0.100E+01           0.799E-02
 104           0.171E+05           0.847E-09           0.850E-09           0.100E+01           0.775E-02
 106           0.177E+05           0.806E-09           0.808E-09           0.100E+01           0.757E-02
 108           0.182E+05           0.779E-09           0.782E-09           0.100E+01           0.738E-02
 110           0.188E+05           0.737E-09           0.740E-09           0.100E+01           0.735E-02
 112           0.196E+05           0.714E-09           0.717E-09           0.100E+01           0.723E-02
 114           0.207E+05           0.671E-09           0.674E-09           0.100E+01           0.706E-02
 116           0.210E+05           0.651E-09           0.654E-09           0.100E+01           0.702E-02
 118           0.217E+05           0.621E-09           0.624E-09           0.100E+01           0.685E-02
 120           0.229E+05           0.597E-09           0.600E-09           0.100E+01           0.673E-02
 122           0.233E+05           0.572E-09           0.575E-09           0.100E+01           0.670E-02
 124           0.243E+05           0.555E-09           0.558E-09           0.100E+01           0.649E-02
 126           0.244E+05           0.530E-09           0.533E-09           0.100E+01           0.657E-02
 128           0.258E+05           0.512E-09           0.516E-09           0.100E+01           0.649E-02
 132           0.690E+04           0.477E-09           0.477E-09           0.100E+01           0.126E-01
 136           0.738E+04           0.439E-09           0.440E-09           0.100E+01           0.125E-01
 140           0.760E+04           0.408E-09           0.408E-09           0.100E+01           0.136E-01
 144           0.823E+04           0.403E-09           0.403E-09           0.100E+01           0.138E-01
 148           0.858E+04           0.384E-09           0.384E-09           0.100E+01           0.162E-01
 152           0.913E+04           0.387E-09           0.388E-09           0.100E+01           0.182E-01
 156           0.938E+04           0.393E-09           0.393E-09           0.100E+01           0.205E-01
 160           0.101E+05           0.402E-09           0.403E-09           0.100E+01           0.219E-01
 164           0.107E+05           0.433E-09           0.434E-09           0.100E+01           0.241E-01
 168           0.110E+05           0.487E-09           0.488E-09           0.100E+01           0.282E-01
 172           0.117E+05           0.512E-09           0.513E-09           0.100E+01           0.287E-01
 176           0.120E+05           0.628E-09           0.628E-09           0.100E+01           0.314E-01
 180           0.130E+05           0.721E-09           0.722E-09           0.100E+01           0.335E-01
 184           0.131E+05           0.866E-09           0.867E-09           0.100E+01           0.344E-01
 188           0.138E+05           0.996E-09           0.998E-09           0.100E+01           0.366E-01
 192           0.145E+05           0.120E-08           0.120E-08           0.100E+01           0.367E-01
 196           0.152E+05           0.148E-08           0.149E-08           0.100E+01           0.386E-01
 200           0.159E+05           0.194E-08           0.194E-08           0.100E+01           0.403E-01
 204           0.161E+05           0.235E-08           0.236E-08           0.100E+01           0.449E-01
 208           0.171E+05           0.315E-08           0.316E-08           0.100E+01           0.494E-01
 212           0.177E+05           0.388E-08           0.389E-08           0.100E+01           0.481E-01
 216           0.182E+05           0.520E-08           0.522E-08           0.100E+01           0.547E-01
 220           0.188E+05           0.702E-08           0.704E-08           0.100E+01           0.601E-01
 224           0.196E+05           0.103E-07           0.103E-07           0.100E+01           0.642E-01
 228           0.207E+05           0.144E-07           0.144E-07           0.100E+01           0.777E-01
 232           0.210E+05           0.204E-07           0.204E-07           0.100E+01           0.797E-01
 236           0.217E+05           0.325E-07           0.327E-07           0.100E+01           0.100E+00
 240           0.229E+05           0.535E-07           0.538E-07           0.100E+01           0.129E+00
 244           0.233E+05           0.977E-07           0.982E-07           0.100E+01           0.142E+00
 248           0.243E+05           0.156E-06           0.156E-06           0.100E+01           0.171E+00
 252           0.244E+05           0.216E-06           0.217E-06           0.100E+01           0.246E+00
 256           0.258E+05           0.618E-06           0.622E-06           0.100E+01           0.427E+00
 264           0.690E+04           0.152E-06           0.152E-06           0.100E+01           0.323E+00
 272           0.738E+04           0.608E-07           0.608E-07           0.100E+01           0.234E+00
 280           0.760E+04           0.290E-07           0.290E-07           0.100E+01           0.121E+00
 288           0.823E+04           0.177E-07           0.177E-07           0.100E+01           0.122E+00
 296           0.858E+04           0.114E-07           0.114E-07           0.100E+01           0.657E-01
 304           0.913E+04           0.101E-07           0.101E-07           0.100E+01           0.408E-01
 312           0.938E+04           0.926E-08           0.927E-08           0.100E+01           0.417E-01
 320           0.101E+05           0.169E-07           0.169E-07           0.100E+01           0.535E-01
 328           0.107E+05           0.171E-07           0.171E-07           0.100E+01           0.823E-01
 336           0.110E+05           0.495E-07           0.496E-07           0.100E+01           0.105E+00
 344           0.117E+05           0.514E-07           0.515E-07           0.100E+01           0.130E+00
 352           0.120E+05           0.961E-07           0.962E-07           0.100E+01           0.273E+00
 360           0.130E+05           0.238E-06           0.239E-06           0.100E+01           0.150E+00
 368           0.131E+05           0.153E-06           0.154E-06           0.100E+01           0.232E+00
 376           0.138E+05           0.140E-06           0.140E-06           0.100E+01           0.137E+00
 384           0.145E+05           0.454E-07           0.455E-07           0.100E+01           0.991E-01
 392           0.152E+05           0.360E-07           0.361E-07           0.100E+01           0.103E+00
 400           0.159E+05           0.354E-07           0.355E-07           0.100E+01           0.519E-01
 408           0.161E+05           0.245E-07           0.245E-07           0.100E+01           0.539E-01
 416           0.171E+05           0.247E-07           0.248E-07           0.100E+01           0.856E-01
 424           0.177E+05           0.465E-07           0.467E-07           0.100E+01           0.107E+00
 432           0.182E+05           0.724E-07           0.727E-07           0.100E+01           0.155E+00
 440           0.188E+05           0.771E-07           0.774E-07           0.100E+01           0.162E+00
 448           0.196E+05           0.511E-07           0.513E-07           0.100E+01           0.209E+00
 456           0.207E+05           0.656E-07           0.659E-07           0.100E+01           0.150E+00
 464           0.210E+05           0.435E-07           0.437E-07           0.100E+01           0.107E+00
 472           0.217E+05           0.273E-07           0.275E-07           0.100E+01           0.751E-01
 480           0.229E+05           0.281E-07           0.282E-07           0.100E+01           0.579E-01
 488           0.233E+05           0.335E-07           0.337E-07           0.100E+01           0.780E-01
 496           0.243E+05           0.338E-07           0.340E-07           0.100E+01           0.105E+00
 504           0.244E+05           0.382E-07           0.384E-07           0.100E+01           0.109E+00
 512           0.258E+05           0.497E-07           0.500E-07           0.100E+01           0.106E+00
