   0           0.100E+01           0.100E+01           0.100E+01           0.100E+01           0.100E+01
   1           0.900E+01           0.328E+00           0.328E+00           0.100E+01           0.104E+00
   2           0.310E+02           0.226E+00           0.226E+00           0.100E+01           0.613E-01
   3           0.490E+02           0.186E+00           0.186E+00           0.100E+01           0.480E-01
   4           0.105E+03           0.153E+00           0.153E+00           0.100E+01           0.363E-01
   5           0.175E+03           0.116E+00           0.116E+00           0.100E+01           0.329E-01
   6           0.225E+03           0.900E-01           0.900E-01           0.100E+01           0.361E-01
   7           0.301E+03           0.704E-01           0.704E-01           0.100E+01           0.359E-01
   8           0.381E+03           0.551E-01           0.551E-01           0.100E+01           0.364E-01
   9           0.571E+03           0.437E-01           0.437E-01           0.100E+01           0.333E-01
  10           0.625E+03           0.341E-01           0.341E-01           0.100E+01           0.340E-01
  11           0.729E+03           0.284E-01           0.284E-01           0.100E+01           0.343E-01
  12           0.907E+03           0.238E-01           0.238E-01           0.100E+01           0.311E-01
  13           0.109E+04           0.200E-01           0.200E-01           0.100E+01           0.288E-01
  14           0.125E+04           0.175E-01           0.175E-01           0.100E+01           0.270E-01
  15           0.131E+04           0.151E-01           0.151E-01           0.100E+01           0.260E-01
  16           0.167E+04           0.136E-01           0.136E-01           0.100E+01           0.225E-01
  17           0.186E+04           0.119E-01           0.119E-01           0.100E+01           0.206E-01
  18           0.208E+04           0.107E-01           0.107E-01           0.100E+01           0.189E-01
  19           0.218E+04           0.972E-02           0.972E-02           0.100E+01           0.177E-01
  20           0.252E+04           0.878E-02           0.878E-02           0.100E+01           0.157E-01
  21           0.286E+04           0.822E-02           0.822E-02           0.100E+01           0.140E-01
  22           0.299E+04           0.732E-02           0.732E-02           0.100E+01           0.130E-01
  23           0.330E+04           0.680E-02           0.680E-02           0.100E+01           0.120E-01
  24           0.356E+04           0.625E-02           0.625E-02           0.100E+01           0.113E-01
  25           0.402E+04           0.560E-02           0.560E-02           0.100E+01           0.106E-01
  26           0.430E+04           0.519E-02           0.519E-02           0.100E+01           0.102E-01
  27           0.453E+04           0.464E-02           0.464E-02           0.100E+01           0.102E-01
  28           0.498E+04           0.425E-02           0.425E-02           0.100E+01           0.101E-01
  29           0.528E+04           0.382E-02           0.382E-02           0.100E+01           0.100E-01
  30           0.561E+04           0.345E-02           0.345E-02           0.100E+01           0.999E-02
  31           0.607E+04           0.314E-02           0.314E-02           0.100E+01           0.995E-02
  32           0.630E+04           0.287E-02           0.287E-02           0.100E+01           0.981E-02
  33           0.690E+04           0.264E-02           0.264E-02           0.100E+01           0.961E-02
  34           0.738E+04           0.242E-02           0.242E-02           0.100E+01           0.922E-02
  35           0.760E+04           0.223E-02           0.223E-02           0.100E+01           0.909E-02
  36           0.823E+04           0.211E-02           0.211E-02           0.100E+01           0.861E-02
  37           0.858E+04           0.197E-02           0.197E-02           0.100E+01           0.821E-02
  38           0.913E+04           0.187E-02           0.187E-02           0.100E+01           0.783E-02
  39           0.938E+04           0.175E-02           0.175E-02           0.100E+01           0.756E-02
  40           0.101E+05           0.166E-02           0.166E-02           0.100E+01           0.722E-02
  41           0.107E+05           0.157E-02           0.157E-02           0.100E+01           0.691E-02
  42           0.110E+05           0.147E-02           0.147E-02           0.100E+01           0.683E-02
  43           0.117E+05           0.140E-02           0.140E-02           0.100E+01           0.659E-02
  44           0.120E+05           0.130E-02           0.130E-02           0.100E+01           0.661E-02
  45           0.130E+05           0.123E-02           0.123E-02           0.100E+01           0.643E-02
  46           0.131E+05           0.114E-02           0.114E-02           0.100E+01           0.656E-02
  47           0.138E+05           0.107E-02           0.107E-02           0.100E+01           0.651E-02
  48           0.145E+05           0.101E-02           0.101E-02           0.100E+01           0.645E-02
  49           0.152E+05           0.946E-03           0.946E-03           0.100E+01           0.639E-02
  50           0.159E+05           0.891E-03           0.891E-03           0.100E+01           0.637E-02
  51           0.161E+05           0.840E-03           0.840E-03           0.100E+01           0.637E-02
  52           0.171E+05           0.795E-03           0.795E-03           0.100E+01           0.624E-02
  53           0.177E+05           0.753E-03           0.753E-03           0.100E+01           0.619E-02
  54           0.182E+05           0.715E-03           0.715E-03           0.100E+01           0.615E-02
  55           0.188E+05           0.685E-03           0.685E-03           0.100E+01           0.602E-02
  56           0.196E+05           0.651E-03           0.651E-03           0.100E+01           0.593E-02
  57           0.207E+05           0.624E-03           0.624E-03           0.100E+01           0.578E-02
  58           0.210E+05           0.596E-03           0.596E-03           0.100E+01           0.575E-02
  59           0.217E+05           0.571E-03           0.571E-03           0.100E+01           0.564E-02
  60           0.229E+05           0.546E-03           0.546E-03           0.100E+01           0.550E-02
  61           0.233E+05           0.523E-03           0.523E-03           0.100E+01           0.545E-02
  62           0.243E+05           0.498E-03           0.499E-03           0.100E+01           0.539E-02
  63           0.244E+05           0.477E-03           0.477E-03           0.100E+01           0.538E-02
  64           0.258E+05           0.456E-03           0.457E-03           0.100E+01           0.528E-02
  65           0.270E+05           0.433E-03           0.433E-03           0.100E+01           0.522E-02
  66           0.272E+05           0.415E-03           0.415E-03           0.100E+01           0.526E-02
  67           0.285E+05           0.396E-03           0.397E-03           0.100E+01           0.521E-02
  68           0.287E+05           0.378E-03           0.378E-03           0.100E+01           0.524E-02
  69           0.303E+05           0.361E-03           0.362E-03           0.100E+01           0.515E-02
  70           0.306E+05           0.347E-03           0.347E-03           0.100E+01           0.516E-02
  71           0.313E+05           0.334E-03           0.334E-03           0.100E+01           0.514E-02
  72           0.329E+05           0.320E-03           0.320E-03           0.100E+01           0.502E-02
  73           0.333E+05           0.308E-03           0.309E-03           0.100E+01           0.498E-02
  74           0.348E+05           0.297E-03           0.297E-03           0.100E+01           0.488E-02
  75           0.350E+05           0.286E-03           0.286E-03           0.100E+01           0.486E-02
  76           0.364E+05           0.276E-03           0.276E-03           0.100E+01           0.476E-02
  77           0.375E+05           0.266E-03           0.266E-03           0.100E+01           0.469E-02
  78           0.379E+05           0.255E-03           0.256E-03           0.100E+01           0.466E-02
  79           0.392E+05           0.246E-03           0.247E-03           0.100E+01           0.459E-02
  80           0.400E+05           0.238E-03           0.238E-03           0.100E+01           0.455E-02
  81           0.416E+05           0.227E-03           0.228E-03           0.100E+01           0.453E-02
  82           0.423E+05           0.220E-03           0.220E-03           0.100E+01           0.451E-02
  83           0.433E+05           0.212E-03           0.212E-03           0.100E+01           0.444E-02
  84           0.441E+05           0.204E-03           0.204E-03           0.100E+01           0.443E-02
  85           0.458E+05           0.196E-03           0.196E-03           0.100E+01           0.437E-02
  86           0.466E+05           0.188E-03           0.189E-03           0.100E+01           0.433E-02
  87           0.472E+05           0.182E-03           0.183E-03           0.100E+01           0.431E-02
  88           0.486E+05           0.176E-03           0.176E-03           0.100E+01           0.423E-02
  89           0.498E+05           0.170E-03           0.171E-03           0.100E+01           0.416E-02
  90           0.513E+05           0.165E-03           0.165E-03           0.100E+01           0.410E-02
  91           0.519E+05           0.159E-03           0.159E-03           0.100E+01           0.406E-02
  92           0.532E+05           0.154E-03           0.155E-03           0.100E+01           0.400E-02
  93           0.543E+05           0.150E-03           0.150E-03           0.100E+01           0.393E-02
  94           0.554E+05           0.145E-03           0.146E-03           0.100E+01           0.387E-02
  95           0.562E+05           0.141E-03           0.141E-03           0.100E+01           0.384E-02
  96           0.579E+05           0.137E-03           0.137E-03           0.100E+01           0.376E-02
  97           0.594E+05           0.132E-03           0.132E-03           0.100E+01           0.372E-02
  98           0.611E+05           0.128E-03           0.129E-03           0.100E+01           0.364E-02
  99           0.610E+05           0.125E-03           0.125E-03           0.100E+01           0.363E-02
 100           0.629E+05           0.120E-03           0.121E-03           0.100E+01           0.360E-02
 101           0.641E+05           0.117E-03           0.117E-03           0.100E+01           0.356E-02
 102           0.655E+05           0.113E-03           0.113E-03           0.100E+01           0.353E-02
 103           0.669E+05           0.109E-03           0.110E-03           0.100E+01           0.350E-02
 104           0.669E+05           0.106E-03           0.106E-03           0.100E+01           0.351E-02
 105           0.703E+05           0.102E-03           0.102E-03           0.100E+01           0.345E-02
 106           0.703E+05           0.989E-04           0.992E-04           0.100E+01           0.346E-02
 107           0.718E+05           0.960E-04           0.963E-04           0.100E+01           0.343E-02
 108           0.732E+05           0.932E-04           0.936E-04           0.100E+01           0.340E-02
 109           0.753E+05           0.905E-04           0.908E-04           0.100E+01           0.335E-02
 110           0.760E+05           0.882E-04           0.886E-04           0.100E+01           0.334E-02
 111           0.767E+05           0.862E-04           0.865E-04           0.100E+01           0.330E-02
 112           0.789E+05           0.842E-04           0.845E-04           0.100E+01           0.324E-02
 113           0.803E+05           0.823E-04           0.826E-04           0.100E+01           0.320E-02
 114           0.821E+05           0.802E-04           0.805E-04           0.100E+01           0.314E-02
 115           0.825E+05           0.786E-04           0.790E-04           0.100E+01           0.312E-02
 116           0.849E+05           0.764E-04           0.767E-04           0.100E+01           0.306E-02
 117           0.865E+05           0.746E-04           0.750E-04           0.100E+01           0.302E-02
 118           0.869E+05           0.725E-04           0.729E-04           0.100E+01           0.303E-02
 119           0.884E+05           0.707E-04           0.710E-04           0.100E+01           0.301E-02
 120           0.909E+05           0.688E-04           0.691E-04           0.100E+01           0.298E-02
 121           0.922E+05           0.669E-04           0.672E-04           0.100E+01           0.296E-02
 122           0.936E+05           0.648E-04           0.652E-04           0.100E+01           0.296E-02
 123           0.951E+05           0.630E-04           0.633E-04           0.100E+01           0.295E-02
 124           0.963E+05           0.612E-04           0.616E-04           0.100E+01           0.294E-02
 125           0.991E+05           0.596E-04           0.599E-04           0.100E+01           0.291E-02
 126           0.990E+05           0.580E-04           0.583E-04           0.100E+01           0.292E-02
 127           0.101E+06           0.563E-04           0.567E-04           0.100E+01           0.291E-02
 128           0.103E+06           0.550E-04           0.554E-04           0.100E+01           0.289E-02
 130           0.270E+05           0.526E-04           0.527E-04           0.100E+01           0.561E-02
 132           0.272E+05           0.504E-04           0.504E-04           0.100E+01           0.555E-02
 134           0.285E+05           0.482E-04           0.482E-04           0.100E+01           0.536E-02
 136           0.287E+05           0.457E-04           0.457E-04           0.100E+01           0.532E-02
 138           0.303E+05           0.436E-04           0.436E-04           0.100E+01           0.519E-02
 140           0.306E+05           0.413E-04           0.413E-04           0.100E+01           0.516E-02
 142           0.313E+05           0.394E-04           0.395E-04           0.100E+01           0.511E-02
 144           0.329E+05           0.378E-04           0.378E-04           0.100E+01           0.501E-02
 146           0.333E+05           0.363E-04           0.363E-04           0.100E+01           0.498E-02
 148           0.348E+05           0.351E-04           0.351E-04           0.100E+01           0.483E-02
 150           0.350E+05           0.338E-04           0.338E-04           0.100E+01           0.481E-02
 152           0.364E+05           0.323E-04           0.323E-04           0.100E+01           0.473E-02
 154           0.375E+05           0.310E-04           0.311E-04           0.100E+01           0.470E-02
 156           0.379E+05           0.299E-04           0.299E-04           0.100E+01           0.470E-02
 158           0.392E+05           0.289E-04           0.289E-04           0.100E+01           0.459E-02
 160           0.400E+05           0.278E-04           0.278E-04           0.100E+01           0.454E-02
 162           0.416E+05           0.267E-04           0.268E-04           0.100E+01           0.449E-02
 164           0.423E+05           0.256E-04           0.256E-04           0.100E+01           0.447E-02
 166           0.433E+05           0.247E-04           0.247E-04           0.100E+01           0.446E-02
 168           0.441E+05           0.237E-04           0.238E-04           0.100E+01           0.443E-02
 170           0.458E+05           0.227E-04           0.228E-04           0.100E+01           0.430E-02
 172           0.466E+05           0.219E-04           0.219E-04           0.100E+01           0.425E-02
 174           0.472E+05           0.211E-04           0.211E-04           0.100E+01           0.421E-02
 176           0.486E+05           0.203E-04           0.203E-04           0.100E+01           0.417E-02
 178           0.498E+05           0.194E-04           0.194E-04           0.100E+01           0.416E-02
 180           0.513E+05           0.188E-04           0.188E-04           0.100E+01           0.410E-02
 182           0.519E+05           0.180E-04           0.181E-04           0.100E+01           0.410E-02
 184           0.532E+05           0.174E-04           0.174E-04           0.100E+01           0.403E-02
 186           0.543E+05           0.168E-04           0.169E-04           0.100E+01           0.400E-02
 188           0.554E+05           0.162E-04           0.162E-04           0.100E+01           0.398E-02
 190           0.562E+05           0.155E-04           0.156E-04           0.100E+01           0.398E-02
 192           0.579E+05           0.150E-04           0.150E-04           0.100E+01           0.394E-02
 194           0.594E+05           0.145E-04           0.145E-04           0.100E+01           0.385E-02
 196           0.611E+05           0.140E-04           0.140E-04           0.100E+01           0.378E-02
 198           0.610E+05           0.135E-04           0.135E-04           0.100E+01           0.384E-02
 200           0.629E+05           0.131E-04           0.131E-04           0.100E+01           0.375E-02
 202           0.641E+05           0.127E-04           0.127E-04           0.100E+01           0.370E-02
 204           0.655E+05           0.123E-04           0.123E-04           0.100E+01           0.365E-02
 206           0.669E+05           0.119E-04           0.119E-04           0.100E+01           0.363E-02
 208           0.669E+05           0.115E-04           0.115E-04           0.100E+01           0.366E-02
 210           0.703E+05           0.112E-04           0.112E-04           0.100E+01           0.358E-02
 212           0.703E+05           0.108E-04           0.108E-04           0.100E+01           0.356E-02
 214           0.718E+05           0.105E-04           0.105E-04           0.100E+01           0.352E-02
 216           0.732E+05           0.102E-04           0.103E-04           0.100E+01           0.349E-02
 218           0.753E+05           0.994E-05           0.997E-05           0.100E+01           0.344E-02
 220           0.760E+05           0.963E-05           0.967E-05           0.100E+01           0.343E-02
 222           0.767E+05           0.933E-05           0.936E-05           0.100E+01           0.341E-02
 224           0.789E+05           0.901E-05           0.905E-05           0.100E+01           0.336E-02
 226           0.803E+05           0.875E-05           0.878E-05           0.100E+01           0.332E-02
 228           0.821E+05           0.849E-05           0.853E-05           0.100E+01           0.328E-02
 230           0.825E+05           0.823E-05           0.827E-05           0.100E+01           0.328E-02
 232           0.849E+05           0.792E-05           0.796E-05           0.100E+01           0.324E-02
 234           0.865E+05           0.766E-05           0.770E-05           0.100E+01           0.323E-02
 236           0.869E+05           0.740E-05           0.744E-05           0.100E+01           0.324E-02
 238           0.884E+05           0.718E-05           0.721E-05           0.100E+01           0.321E-02
 240           0.909E+05           0.698E-05           0.702E-05           0.100E+01           0.317E-02
 242           0.922E+05           0.682E-05           0.686E-05           0.100E+01           0.315E-02
 244           0.936E+05           0.667E-05           0.670E-05           0.100E+01           0.313E-02
 246           0.951E+05           0.648E-05           0.652E-05           0.100E+01           0.308E-02
 248           0.963E+05           0.628E-05           0.632E-05           0.100E+01           0.307E-02
 250           0.991E+05           0.607E-05           0.611E-05           0.100E+01           0.304E-02
 252           0.990E+05           0.593E-05           0.596E-05           0.100E+01           0.305E-02
 254           0.101E+06           0.578E-05           0.582E-05           0.100E+01           0.304E-02
 256           0.103E+06           0.561E-05           0.565E-05           0.100E+01           0.301E-02
 260           0.270E+05           0.537E-05           0.538E-05           0.100E+01           0.579E-02
 264           0.272E+05           0.516E-05           0.516E-05           0.100E+01           0.568E-02
 268           0.285E+05           0.486E-05           0.487E-05           0.100E+01           0.562E-02
 272           0.287E+05           0.461E-05           0.461E-05           0.100E+01           0.562E-02
 276           0.303E+05           0.435E-05           0.435E-05           0.100E+01           0.552E-02
 280           0.306E+05           0.416E-05           0.416E-05           0.100E+01           0.549E-02
 284           0.313E+05           0.395E-05           0.395E-05           0.100E+01           0.544E-02
 288           0.329E+05           0.374E-05           0.374E-05           0.100E+01           0.532E-02
 292           0.333E+05           0.357E-05           0.357E-05           0.100E+01           0.537E-02
 296           0.348E+05           0.341E-05           0.341E-05           0.100E+01           0.524E-02
 300           0.350E+05           0.327E-05           0.328E-05           0.100E+01           0.520E-02
 304           0.364E+05           0.312E-05           0.313E-05           0.100E+01           0.516E-02
 308           0.375E+05           0.300E-05           0.300E-05           0.100E+01           0.502E-02
 312           0.379E+05           0.284E-05           0.284E-05           0.100E+01           0.504E-02
 316           0.392E+05           0.272E-05           0.272E-05           0.100E+01           0.501E-02
 320           0.400E+05           0.260E-05           0.260E-05           0.100E+01           0.489E-02
 324           0.416E+05           0.247E-05           0.248E-05           0.100E+01           0.482E-02
 328           0.423E+05           0.237E-05           0.237E-05           0.100E+01           0.479E-02
 332           0.433E+05           0.228E-05           0.229E-05           0.100E+01           0.473E-02
 336           0.441E+05           0.219E-05           0.219E-05           0.100E+01           0.469E-02
 340           0.458E+05           0.209E-05           0.210E-05           0.100E+01           0.461E-02
 344           0.466E+05           0.200E-05           0.200E-05           0.100E+01           0.460E-02
 348           0.472E+05           0.192E-05           0.193E-05           0.100E+01           0.457E-02
 352           0.486E+05           0.185E-05           0.186E-05           0.100E+01           0.449E-02
 356           0.498E+05           0.178E-05           0.178E-05           0.100E+01           0.445E-02
 360           0.513E+05           0.173E-05           0.173E-05           0.100E+01           0.439E-02
 364           0.519E+05           0.166E-05           0.166E-05           0.100E+01           0.440E-02
 368           0.532E+05           0.160E-05           0.160E-05           0.100E+01           0.434E-02
 372           0.543E+05           0.156E-05           0.156E-05           0.100E+01           0.429E-02
 376           0.554E+05           0.151E-05           0.151E-05           0.100E+01           0.421E-02
 380           0.562E+05           0.144E-05           0.144E-05           0.100E+01           0.419E-02
 384           0.579E+05           0.139E-05           0.139E-05           0.100E+01           0.411E-02
 388           0.594E+05           0.134E-05           0.134E-05           0.100E+01           0.407E-02
 392           0.611E+05           0.129E-05           0.129E-05           0.100E+01           0.400E-02
 396           0.610E+05           0.124E-05           0.125E-05           0.100E+01           0.403E-02
 400           0.629E+05           0.119E-05           0.120E-05           0.100E+01           0.397E-02
 404           0.641E+05           0.116E-05           0.117E-05           0.100E+01           0.392E-02
 408           0.655E+05           0.113E-05           0.113E-05           0.100E+01           0.386E-02
 412           0.669E+05           0.109E-05           0.110E-05           0.100E+01           0.381E-02
 416           0.669E+05           0.106E-05           0.106E-05           0.100E+01           0.381E-02
 420           0.703E+05           0.102E-05           0.102E-05           0.100E+01           0.375E-02
 424           0.703E+05           0.985E-06           0.989E-06           0.100E+01           0.376E-02
 428           0.718E+05           0.956E-06           0.960E-06           0.100E+01           0.373E-02
 432           0.732E+05           0.928E-06           0.931E-06           0.100E+01           0.371E-02
 436           0.753E+05           0.891E-06           0.895E-06           0.100E+01           0.368E-02
 440           0.760E+05           0.870E-06           0.873E-06           0.100E+01           0.363E-02
 444           0.767E+05           0.844E-06           0.848E-06           0.100E+01           0.365E-02
 448           0.789E+05           0.817E-06           0.820E-06           0.100E+01           0.358E-02
 452           0.803E+05           0.782E-06           0.786E-06           0.100E+01           0.356E-02
 456           0.821E+05           0.756E-06           0.759E-06           0.100E+01           0.349E-02
 460           0.825E+05           0.732E-06           0.735E-06           0.100E+01           0.350E-02
 464           0.849E+05           0.712E-06           0.715E-06           0.100E+01           0.346E-02
 468           0.865E+05           0.694E-06           0.697E-06           0.100E+01           0.342E-02
 472           0.869E+05           0.671E-06           0.675E-06           0.100E+01           0.342E-02
 476           0.884E+05           0.656E-06           0.659E-06           0.100E+01           0.336E-02
 480           0.909E+05           0.643E-06           0.646E-06           0.100E+01           0.332E-02
 484           0.922E+05           0.623E-06           0.627E-06           0.100E+01           0.331E-02
 488           0.936E+05           0.603E-06           0.606E-06           0.100E+01           0.328E-02
 492           0.951E+05           0.585E-06           0.589E-06           0.100E+01           0.326E-02
 496           0.963E+05           0.566E-06           0.569E-06           0.100E+01           0.325E-02
 500           0.991E+05           0.550E-06           0.553E-06           0.100E+01           0.321E-02
 504           0.990E+05           0.537E-06           0.540E-06           0.100E+01           0.321E-02
 508           0.101E+06           0.522E-06           0.525E-06           0.100E+01           0.317E-02
 512           0.103E+06           0.503E-06           0.507E-06           0.100E+01           0.316E-02
 520           0.270E+05           0.475E-06           0.476E-06           0.100E+01           0.613E-02
 528           0.272E+05           0.451E-06           0.452E-06           0.100E+01           0.618E-02
 536           0.285E+05           0.423E-06           0.423E-06           0.100E+01           0.598E-02
 544           0.287E+05           0.398E-06           0.398E-06           0.100E+01           0.594E-02
 552           0.303E+05           0.374E-06           0.374E-06           0.100E+01           0.589E-02
 560           0.306E+05           0.355E-06           0.356E-06           0.100E+01           0.582E-02
 568           0.313E+05           0.339E-06           0.339E-06           0.100E+01           0.573E-02
 576           0.329E+05           0.318E-06           0.318E-06           0.100E+01           0.557E-02
 584           0.333E+05           0.306E-06           0.306E-06           0.100E+01           0.556E-02
 592           0.348E+05           0.286E-06           0.287E-06           0.100E+01           0.545E-02
 600           0.350E+05           0.271E-06           0.271E-06           0.100E+01           0.540E-02
 608           0.364E+05           0.255E-06           0.255E-06           0.100E+01           0.533E-02
 616           0.375E+05           0.244E-06           0.244E-06           0.100E+01           0.523E-02
 624           0.379E+05           0.229E-06           0.229E-06           0.100E+01           0.522E-02
 632           0.392E+05           0.221E-06           0.221E-06           0.100E+01           0.510E-02
 640           0.400E+05           0.209E-06           0.209E-06           0.100E+01           0.506E-02
 648           0.416E+05           0.197E-06           0.197E-06           0.100E+01           0.497E-02
 656           0.423E+05           0.190E-06           0.190E-06           0.100E+01           0.494E-02
 664           0.433E+05           0.181E-06           0.181E-06           0.100E+01           0.485E-02
 672           0.441E+05           0.171E-06           0.171E-06           0.100E+01           0.481E-02
 680           0.458E+05           0.163E-06           0.163E-06           0.100E+01           0.477E-02
 688           0.466E+05           0.158E-06           0.158E-06           0.100E+01           0.467E-02
 696           0.472E+05           0.148E-06           0.148E-06           0.100E+01           0.466E-02
 704           0.486E+05           0.141E-06           0.141E-06           0.100E+01           0.458E-02
 712           0.498E+05           0.136E-06           0.136E-06           0.100E+01           0.456E-02
 720           0.513E+05           0.130E-06           0.131E-06           0.100E+01           0.451E-02
 728           0.519E+05           0.124E-06           0.124E-06           0.100E+01           0.445E-02
 736           0.532E+05           0.119E-06           0.120E-06           0.100E+01           0.439E-02
 744           0.543E+05           0.114E-06           0.114E-06           0.100E+01           0.433E-02
 752           0.554E+05           0.108E-06           0.109E-06           0.100E+01           0.429E-02
 760           0.562E+05           0.105E-06           0.105E-06           0.100E+01           0.426E-02
 768           0.579E+05           0.100E-06           0.100E-06           0.100E+01           0.420E-02
 776           0.594E+05           0.957E-07           0.959E-07           0.100E+01           0.416E-02
 784           0.611E+05           0.923E-07           0.925E-07           0.100E+01           0.408E-02
 792           0.610E+05           0.890E-07           0.893E-07           0.100E+01           0.409E-02
 800           0.629E+05           0.858E-07           0.861E-07           0.100E+01           0.405E-02
 808           0.641E+05           0.828E-07           0.830E-07           0.100E+01           0.399E-02
 816           0.655E+05           0.792E-07           0.794E-07           0.100E+01           0.393E-02
 824           0.669E+05           0.760E-07           0.762E-07           0.100E+01           0.392E-02
 832           0.669E+05           0.731E-07           0.733E-07           0.100E+01           0.386E-02
 840           0.703E+05           0.707E-07           0.709E-07           0.100E+01           0.380E-02
 848           0.703E+05           0.681E-07           0.683E-07           0.100E+01           0.380E-02
 856           0.718E+05           0.658E-07           0.661E-07           0.100E+01           0.375E-02
 864           0.732E+05           0.638E-07           0.640E-07           0.100E+01           0.371E-02
 872           0.753E+05           0.611E-07           0.614E-07           0.100E+01           0.365E-02
 880           0.760E+05           0.593E-07           0.595E-07           0.100E+01           0.365E-02
 888           0.767E+05           0.577E-07           0.579E-07           0.100E+01           0.363E-02
 896           0.789E+05           0.551E-07           0.553E-07           0.100E+01           0.359E-02
 904           0.803E+05           0.538E-07           0.540E-07           0.100E+01           0.355E-02
 912           0.821E+05           0.518E-07           0.521E-07           0.100E+01           0.351E-02
 920           0.825E+05           0.504E-07           0.507E-07           0.100E+01           0.350E-02
 928           0.849E+05           0.491E-07           0.494E-07           0.100E+01           0.344E-02
 936           0.865E+05           0.476E-07           0.478E-07           0.100E+01           0.341E-02
 944           0.869E+05           0.464E-07           0.466E-07           0.100E+01           0.341E-02
 952           0.884E+05           0.449E-07           0.452E-07           0.100E+01           0.338E-02
 960           0.909E+05           0.434E-07           0.436E-07           0.100E+01           0.332E-02
 968           0.922E+05           0.420E-07           0.422E-07           0.100E+01           0.332E-02
 976           0.936E+05           0.410E-07           0.412E-07           0.100E+01           0.329E-02
 984           0.951E+05           0.397E-07           0.400E-07           0.100E+01           0.326E-02
 992           0.963E+05           0.386E-07           0.388E-07           0.100E+01           0.324E-02
1000           0.991E+05           0.376E-07           0.378E-07           0.100E+01           0.319E-02
1008           0.990E+05           0.363E-07           0.365E-07           0.100E+01           0.319E-02
1016           0.101E+06           0.355E-07           0.357E-07           0.100E+01           0.316E-02
1024           0.103E+06           0.345E-07           0.347E-07           0.100E+01           0.314E-02
