   0           0.100E+01           0.100E+01           0.100E+01           0.100E+01           0.100E+01
   1           0.900E+01           0.307E+00           0.307E+00           0.100E+01           0.111E+00
   2           0.310E+02           0.200E+00           0.200E+00           0.100E+01           0.712E-01
   3           0.490E+02           0.167E+00           0.167E+00           0.100E+01           0.515E-01
   4           0.105E+03           0.137E+00           0.137E+00           0.100E+01           0.347E-01
   5           0.175E+03           0.106E+00           0.106E+00           0.100E+01           0.295E-01
   6           0.225E+03           0.828E-01           0.828E-01           0.100E+01           0.299E-01
   7           0.301E+03           0.658E-01           0.658E-01           0.100E+01           0.273E-01
   8           0.381E+03           0.529E-01           0.529E-01           0.100E+01           0.266E-01
   9           0.571E+03           0.417E-01           0.417E-01           0.100E+01           0.236E-01
  10           0.625E+03           0.337E-01           0.337E-01           0.100E+01           0.233E-01
  11           0.729E+03           0.282E-01           0.282E-01           0.100E+01           0.220E-01
  12           0.907E+03           0.242E-01           0.242E-01           0.100E+01           0.190E-01
  13           0.109E+04           0.213E-01           0.213E-01           0.100E+01           0.167E-01
  14           0.125E+04           0.187E-01           0.187E-01           0.100E+01           0.155E-01
  15           0.131E+04           0.165E-01           0.165E-01           0.100E+01           0.154E-01
  16           0.167E+04           0.147E-01           0.147E-01           0.100E+01           0.138E-01
  17           0.186E+04           0.131E-01           0.131E-01           0.100E+01           0.136E-01
  18           0.208E+04           0.117E-01           0.117E-01           0.100E+01           0.132E-01
  19           0.218E+04           0.105E-01           0.105E-01           0.100E+01           0.130E-01
  20           0.252E+04           0.951E-02           0.951E-02           0.100E+01           0.123E-01
  21           0.286E+04           0.864E-02           0.864E-02           0.100E+01           0.120E-01
  22           0.299E+04           0.787E-02           0.787E-02           0.100E+01           0.119E-01
  23           0.330E+04           0.719E-02           0.719E-02           0.100E+01           0.115E-01
  24           0.356E+04           0.659E-02           0.659E-02           0.100E+01           0.113E-01
  25           0.402E+04           0.610E-02           0.610E-02           0.100E+01           0.106E-01
  26           0.430E+04           0.560E-02           0.560E-02           0.100E+01           0.105E-01
  27           0.453E+04           0.516E-02           0.516E-02           0.100E+01           0.105E-01
  28           0.498E+04           0.472E-02           0.472E-02           0.100E+01           0.103E-01
  29           0.528E+04           0.434E-02           0.434E-02           0.100E+01           0.102E-01
  30           0.561E+04           0.399E-02           0.399E-02           0.100E+01           0.101E-01
  31           0.607E+04           0.366E-02           0.366E-02           0.100E+01           0.994E-02
  32           0.630E+04           0.337E-02           0.337E-02           0.100E+01           0.996E-02
  33           0.690E+04           0.310E-02           0.310E-02           0.100E+01           0.977E-02
  34           0.738E+04           0.284E-02           0.284E-02           0.100E+01           0.966E-02
  35           0.760E+04           0.261E-02           0.262E-02           0.100E+01           0.968E-02
  36           0.823E+04           0.240E-02           0.241E-02           0.100E+01           0.953E-02
  37           0.858E+04           0.222E-02           0.223E-02           0.100E+01           0.948E-02
  38           0.913E+04           0.205E-02           0.205E-02           0.100E+01           0.934E-02
  39           0.938E+04           0.190E-02           0.190E-02           0.100E+01           0.936E-02
  40           0.101E+05           0.176E-02           0.177E-02           0.100E+01           0.913E-02
  41           0.107E+05           0.162E-02           0.163E-02           0.100E+01           0.903E-02
  42           0.110E+05           0.151E-02           0.151E-02           0.100E+01           0.910E-02
  43           0.117E+05           0.141E-02           0.141E-02           0.100E+01           0.885E-02
  44           0.120E+05           0.130E-02           0.131E-02           0.100E+01           0.886E-02
  45           0.130E+05           0.121E-02           0.121E-02           0.100E+01           0.864E-02
  46           0.131E+05           0.112E-02           0.112E-02           0.100E+01           0.874E-02
  47           0.138E+05           0.105E-02           0.105E-02           0.100E+01           0.862E-02
  48           0.145E+05           0.976E-03           0.978E-03           0.100E+01           0.847E-02
  49           0.152E+05           0.906E-03           0.909E-03           0.100E+01           0.838E-02
  50           0.159E+05           0.850E-03           0.852E-03           0.100E+01           0.826E-02
  51           0.161E+05           0.796E-03           0.798E-03           0.100E+01           0.825E-02
  52           0.171E+05           0.743E-03           0.746E-03           0.100E+01           0.810E-02
  53           0.177E+05           0.698E-03           0.700E-03           0.100E+01           0.802E-02
  54           0.182E+05           0.656E-03           0.658E-03           0.100E+01           0.798E-02
  55           0.188E+05           0.619E-03           0.621E-03           0.100E+01           0.790E-02
  56           0.196E+05           0.583E-03           0.585E-03           0.100E+01           0.775E-02
  57           0.207E+05           0.550E-03           0.552E-03           0.100E+01           0.761E-02
  58           0.210E+05           0.519E-03           0.521E-03           0.100E+01           0.762E-02
  59           0.217E+05           0.492E-03           0.495E-03           0.100E+01           0.749E-02
  60           0.229E+05           0.467E-03           0.469E-03           0.100E+01           0.733E-02
  61           0.233E+05           0.441E-03           0.444E-03           0.100E+01           0.729E-02
  62           0.243E+05           0.421E-03           0.423E-03           0.100E+01           0.718E-02
  63           0.244E+05           0.399E-03           0.401E-03           0.100E+01           0.718E-02
  64           0.258E+05           0.381E-03           0.384E-03           0.100E+01           0.702E-02
  66           0.690E+04           0.344E-03           0.344E-03           0.100E+01           0.139E-01
  68           0.738E+04           0.309E-03           0.310E-03           0.100E+01           0.135E-01
  70           0.760E+04           0.285E-03           0.285E-03           0.100E+01           0.133E-01
  72           0.823E+04           0.265E-03           0.265E-03           0.100E+01           0.129E-01
  74           0.858E+04           0.243E-03           0.243E-03           0.100E+01           0.128E-01
  76           0.913E+04           0.222E-03           0.222E-03           0.100E+01           0.124E-01
  78           0.938E+04           0.203E-03           0.203E-03           0.100E+01           0.122E-01
  80           0.101E+05           0.187E-03           0.188E-03           0.100E+01           0.118E-01
  82           0.107E+05           0.172E-03           0.172E-03           0.100E+01           0.116E-01
  84           0.110E+05           0.159E-03           0.159E-03           0.100E+01           0.116E-01
  86           0.117E+05           0.148E-03           0.148E-03           0.100E+01           0.113E-01
  88           0.120E+05           0.139E-03           0.140E-03           0.100E+01           0.111E-01
  90           0.130E+05           0.129E-03           0.130E-03           0.100E+01           0.108E-01
  92           0.131E+05           0.120E-03           0.120E-03           0.100E+01           0.109E-01
  94           0.138E+05           0.111E-03           0.111E-03           0.100E+01           0.107E-01
  96           0.145E+05           0.103E-03           0.104E-03           0.100E+01           0.105E-01
  98           0.152E+05           0.958E-04           0.961E-04           0.100E+01           0.103E-01
 100           0.159E+05           0.904E-04           0.906E-04           0.100E+01           0.102E-01
 102           0.161E+05           0.856E-04           0.858E-04           0.100E+01           0.101E-01
 104           0.171E+05           0.815E-04           0.817E-04           0.100E+01           0.979E-02
 106           0.177E+05           0.758E-04           0.760E-04           0.100E+01           0.962E-02
 108           0.182E+05           0.710E-04           0.713E-04           0.100E+01           0.945E-02
 110           0.188E+05           0.666E-04           0.668E-04           0.100E+01           0.926E-02
 112           0.196E+05           0.621E-04           0.624E-04           0.100E+01           0.913E-02
 114           0.207E+05           0.583E-04           0.586E-04           0.100E+01           0.899E-02
 116           0.210E+05           0.546E-04           0.548E-04           0.100E+01           0.895E-02
 118           0.217E+05           0.520E-04           0.522E-04           0.100E+01           0.879E-02
 120           0.229E+05           0.485E-04           0.487E-04           0.100E+01           0.858E-02
 122           0.233E+05           0.456E-04           0.459E-04           0.100E+01           0.849E-02
 124           0.243E+05           0.427E-04           0.429E-04           0.100E+01           0.833E-02
 126           0.244E+05           0.405E-04           0.407E-04           0.100E+01           0.822E-02
 128           0.258E+05           0.389E-04           0.391E-04           0.100E+01           0.795E-02
 132           0.690E+04           0.358E-04           0.358E-04           0.100E+01           0.154E-01
 136           0.738E+04           0.324E-04           0.324E-04           0.100E+01           0.149E-01
 140           0.760E+04           0.296E-04           0.296E-04           0.100E+01           0.144E-01
 144           0.823E+04           0.266E-04           0.267E-04           0.100E+01           0.141E-01
 148           0.858E+04           0.244E-04           0.244E-04           0.100E+01           0.136E-01
 152           0.913E+04           0.220E-04           0.220E-04           0.100E+01           0.133E-01
 156           0.938E+04           0.201E-04           0.201E-04           0.100E+01           0.131E-01
 160           0.101E+05           0.185E-04           0.185E-04           0.100E+01           0.127E-01
 164           0.107E+05           0.170E-04           0.170E-04           0.100E+01           0.121E-01
 168           0.110E+05           0.155E-04           0.155E-04           0.100E+01           0.119E-01
 172           0.117E+05           0.144E-04           0.144E-04           0.100E+01           0.115E-01
 176           0.120E+05           0.130E-04           0.131E-04           0.100E+01           0.113E-01
 180           0.130E+05           0.123E-04           0.123E-04           0.100E+01           0.108E-01
 184           0.131E+05           0.113E-04           0.113E-04           0.100E+01           0.105E-01
 188           0.138E+05           0.106E-04           0.106E-04           0.100E+01           0.102E-01
 192           0.145E+05           0.100E-04           0.100E-04           0.100E+01           0.983E-02
 196           0.152E+05           0.922E-05           0.924E-05           0.100E+01           0.941E-02
 200           0.159E+05           0.867E-05           0.869E-05           0.100E+01           0.924E-02
 204           0.161E+05           0.827E-05           0.829E-05           0.100E+01           0.916E-02
 208           0.171E+05           0.776E-05           0.778E-05           0.100E+01           0.889E-02
 212           0.177E+05           0.721E-05           0.723E-05           0.100E+01           0.863E-02
 216           0.182E+05           0.670E-05           0.673E-05           0.100E+01           0.849E-02
 220           0.188E+05           0.637E-05           0.639E-05           0.100E+01           0.838E-02
 224           0.196E+05           0.592E-05           0.594E-05           0.100E+01           0.828E-02
 228           0.207E+05           0.565E-05           0.567E-05           0.100E+01           0.788E-02
 232           0.210E+05           0.531E-05           0.534E-05           0.100E+01           0.777E-02
 236           0.217E+05           0.504E-05           0.506E-05           0.100E+01           0.762E-02
 240           0.229E+05           0.477E-05           0.480E-05           0.100E+01           0.734E-02
 244           0.233E+05           0.454E-05           0.456E-05           0.100E+01           0.742E-02
 248           0.243E+05           0.426E-05           0.428E-05           0.100E+01           0.727E-02
 252           0.244E+05           0.408E-05           0.410E-05           0.100E+01           0.720E-02
 256           0.258E+05           0.376E-05           0.379E-05           0.100E+01           0.698E-02
 264           0.690E+04           0.349E-05           0.349E-05           0.100E+01           0.135E-01
 272           0.738E+04           0.315E-05           0.315E-05           0.100E+01           0.133E-01
 280           0.760E+04           0.286E-05           0.286E-05           0.100E+01           0.128E-01
 288           0.823E+04           0.260E-05           0.260E-05           0.100E+01           0.125E-01
 296           0.858E+04           0.244E-05           0.244E-05           0.100E+01           0.122E-01
 304           0.913E+04           0.223E-05           0.223E-05           0.100E+01           0.117E-01
 312           0.938E+04           0.204E-05           0.204E-05           0.100E+01           0.114E-01
 320           0.101E+05           0.194E-05           0.194E-05           0.100E+01           0.113E-01
 328           0.107E+05           0.179E-05           0.179E-05           0.100E+01           0.107E-01
 336           0.110E+05           0.164E-05           0.164E-05           0.100E+01           0.105E-01
 344           0.117E+05           0.151E-05           0.151E-05           0.100E+01           0.102E-01
 352           0.120E+05           0.142E-05           0.143E-05           0.100E+01           0.102E-01
 360           0.130E+05           0.134E-05           0.134E-05           0.100E+01           0.952E-02
 368           0.131E+05           0.124E-05           0.124E-05           0.100E+01           0.960E-02
 376           0.138E+05           0.115E-05           0.116E-05           0.100E+01           0.918E-02
 384           0.145E+05           0.108E-05           0.108E-05           0.100E+01           0.885E-02
 392           0.152E+05           0.101E-05           0.101E-05           0.100E+01           0.871E-02
 400           0.159E+05           0.948E-06           0.950E-06           0.100E+01           0.857E-02
 408           0.161E+05           0.892E-06           0.894E-06           0.100E+01           0.837E-02
 416           0.171E+05           0.839E-06           0.842E-06           0.100E+01           0.815E-02
 424           0.177E+05           0.793E-06           0.796E-06           0.100E+01           0.800E-02
 432           0.182E+05           0.748E-06           0.751E-06           0.100E+01           0.785E-02
 440           0.188E+05           0.708E-06           0.710E-06           0.100E+01           0.783E-02
 448           0.196E+05           0.664E-06           0.667E-06           0.100E+01           0.751E-02
 456           0.207E+05           0.624E-06           0.626E-06           0.100E+01           0.734E-02
 464           0.210E+05           0.598E-06           0.601E-06           0.100E+01           0.731E-02
 472           0.217E+05           0.564E-06           0.567E-06           0.100E+01           0.715E-02
 480           0.229E+05           0.540E-06           0.543E-06           0.100E+01           0.687E-02
 488           0.233E+05           0.504E-06           0.507E-06           0.100E+01           0.687E-02
 496           0.243E+05           0.483E-06           0.486E-06           0.100E+01           0.683E-02
 504           0.244E+05           0.458E-06           0.461E-06           0.100E+01           0.669E-02
 512           0.258E+05           0.439E-06           0.442E-06           0.100E+01           0.656E-02
