   0           0.100E+01           0.100E+01           0.100E+01           0.100E+01           0.100E+01
   1           0.900E+01           0.906E-01           0.906E-01           0.100E+01           0.144E+00
   2           0.310E+02           0.505E-01           0.505E-01           0.100E+01           0.978E-01
   3           0.490E+02           0.330E-01           0.330E-01           0.100E+01           0.101E+00
   4           0.105E+03           0.275E-01           0.275E-01           0.100E+01           0.648E-01
   5           0.175E+03           0.236E-01           0.236E-01           0.100E+01           0.408E-01
   6           0.225E+03           0.193E-01           0.193E-01           0.100E+01           0.347E-01
   7           0.301E+03           0.162E-01           0.162E-01           0.100E+01           0.312E-01
   8           0.381E+03           0.140E-01           0.140E-01           0.100E+01           0.280E-01
   9           0.571E+03           0.116E-01           0.116E-01           0.100E+01           0.249E-01
  10           0.625E+03           0.981E-02           0.981E-02           0.100E+01           0.250E-01
  11           0.729E+03           0.848E-02           0.848E-02           0.100E+01           0.238E-01
  12           0.907E+03           0.726E-02           0.726E-02           0.100E+01           0.213E-01
  13           0.109E+04           0.661E-02           0.661E-02           0.100E+01           0.194E-01
  14           0.125E+04           0.616E-02           0.616E-02           0.100E+01           0.171E-01
  15           0.131E+04           0.566E-02           0.566E-02           0.100E+01           0.163E-01
  16           0.167E+04           0.493E-02           0.493E-02           0.100E+01           0.154E-01
  17           0.186E+04           0.423E-02           0.423E-02           0.100E+01           0.153E-01
  18           0.208E+04           0.382E-02           0.382E-02           0.100E+01           0.143E-01
  19           0.218E+04           0.355E-02           0.355E-02           0.100E+01           0.134E-01
  20           0.252E+04           0.317E-02           0.317E-02           0.100E+01           0.127E-01
  21           0.286E+04           0.278E-02           0.278E-02           0.100E+01           0.126E-01
  22           0.299E+04           0.246E-02           0.246E-02           0.100E+01           0.125E-01
  23           0.330E+04           0.227E-02           0.227E-02           0.100E+01           0.119E-01
  24           0.356E+04           0.214E-02           0.214E-02           0.100E+01           0.115E-01
  25           0.402E+04           0.197E-02           0.197E-02           0.100E+01           0.108E-01
  26           0.430E+04           0.183E-02           0.183E-02           0.100E+01           0.105E-01
  27           0.453E+04           0.169E-02           0.169E-02           0.100E+01           0.104E-01
  28           0.498E+04           0.156E-02           0.156E-02           0.100E+01           0.100E-01
  29           0.528E+04           0.146E-02           0.146E-02           0.100E+01           0.100E-01
  30           0.561E+04           0.134E-02           0.134E-02           0.100E+01           0.970E-02
  31           0.607E+04           0.126E-02           0.127E-02           0.100E+01           0.935E-02
  32           0.630E+04           0.118E-02           0.118E-02           0.100E+01           0.922E-02
  33           0.690E+04           0.109E-02           0.109E-02           0.100E+01           0.889E-02
  34           0.738E+04           0.102E-02           0.102E-02           0.100E+01           0.862E-02
  35           0.760E+04           0.947E-03           0.948E-03           0.100E+01           0.869E-02
  36           0.823E+04           0.886E-03           0.887E-03           0.100E+01           0.851E-02
  37           0.858E+04           0.850E-03           0.850E-03           0.100E+01           0.824E-02
  38           0.913E+04           0.812E-03           0.812E-03           0.100E+01           0.788E-02
  39           0.938E+04           0.764E-03           0.764E-03           0.100E+01           0.783E-02
  40           0.101E+05           0.712E-03           0.713E-03           0.100E+01           0.767E-02
  41           0.107E+05           0.670E-03           0.671E-03           0.100E+01           0.751E-02
  42           0.110E+05           0.631E-03           0.631E-03           0.100E+01           0.754E-02
  43           0.117E+05           0.602E-03           0.603E-03           0.100E+01           0.728E-02
  44           0.120E+05           0.568E-03           0.569E-03           0.100E+01           0.725E-02
  45           0.130E+05           0.536E-03           0.537E-03           0.100E+01           0.703E-02
  46           0.131E+05           0.508E-03           0.508E-03           0.100E+01           0.708E-02
  47           0.138E+05           0.481E-03           0.482E-03           0.100E+01           0.693E-02
  48           0.145E+05           0.460E-03           0.461E-03           0.100E+01           0.669E-02
  49           0.152E+05           0.438E-03           0.439E-03           0.100E+01           0.663E-02
  50           0.159E+05           0.415E-03           0.417E-03           0.100E+01           0.660E-02
  51           0.161E+05           0.399E-03           0.400E-03           0.100E+01           0.656E-02
  52           0.171E+05           0.383E-03           0.384E-03           0.100E+01           0.632E-02
  53           0.177E+05           0.363E-03           0.364E-03           0.100E+01           0.627E-02
  54           0.182E+05           0.345E-03           0.347E-03           0.100E+01           0.622E-02
  55           0.188E+05           0.327E-03           0.328E-03           0.100E+01           0.615E-02
  56           0.196E+05           0.315E-03           0.316E-03           0.100E+01           0.600E-02
  57           0.207E+05           0.302E-03           0.303E-03           0.100E+01           0.583E-02
  58           0.210E+05           0.288E-03           0.290E-03           0.100E+01           0.584E-02
  59           0.217E+05           0.276E-03           0.277E-03           0.100E+01           0.582E-02
  60           0.229E+05           0.263E-03           0.264E-03           0.100E+01           0.573E-02
  61           0.233E+05           0.254E-03           0.255E-03           0.100E+01           0.567E-02
  62           0.243E+05           0.245E-03           0.246E-03           0.100E+01           0.556E-02
  63           0.244E+05           0.238E-03           0.240E-03           0.100E+01           0.552E-02
  64           0.258E+05           0.228E-03           0.230E-03           0.100E+01           0.539E-02
  66           0.690E+04           0.214E-03           0.214E-03           0.100E+01           0.104E-01
  68           0.738E+04           0.197E-03           0.197E-03           0.100E+01           0.103E-01
  70           0.760E+04           0.178E-03           0.178E-03           0.100E+01           0.102E-01
  72           0.823E+04           0.168E-03           0.169E-03           0.100E+01           0.975E-02
  74           0.858E+04           0.155E-03           0.156E-03           0.100E+01           0.971E-02
  76           0.913E+04           0.145E-03           0.145E-03           0.100E+01           0.935E-02
  78           0.938E+04           0.134E-03           0.134E-03           0.100E+01           0.946E-02
  80           0.101E+05           0.124E-03           0.124E-03           0.100E+01           0.913E-02
  82           0.107E+05           0.117E-03           0.117E-03           0.100E+01           0.891E-02
  84           0.110E+05           0.109E-03           0.109E-03           0.100E+01           0.880E-02
  86           0.117E+05           0.102E-03           0.102E-03           0.100E+01           0.851E-02
  88           0.120E+05           0.964E-04           0.965E-04           0.100E+01           0.842E-02
  90           0.130E+05           0.904E-04           0.906E-04           0.100E+01           0.807E-02
  92           0.131E+05           0.848E-04           0.850E-04           0.100E+01           0.809E-02
  94           0.138E+05           0.810E-04           0.812E-04           0.100E+01           0.776E-02
  96           0.145E+05           0.772E-04           0.773E-04           0.100E+01           0.763E-02
  98           0.152E+05           0.732E-04           0.734E-04           0.100E+01           0.736E-02
 100           0.159E+05           0.700E-04           0.702E-04           0.100E+01           0.721E-02
 102           0.161E+05           0.666E-04           0.668E-04           0.100E+01           0.723E-02
 104           0.171E+05           0.626E-04           0.628E-04           0.100E+01           0.704E-02
 106           0.177E+05           0.599E-04           0.601E-04           0.100E+01           0.689E-02
 108           0.182E+05           0.566E-04           0.568E-04           0.100E+01           0.679E-02
 110           0.188E+05           0.534E-04           0.536E-04           0.100E+01           0.687E-02
 112           0.196E+05           0.509E-04           0.511E-04           0.100E+01           0.667E-02
 114           0.207E+05           0.487E-04           0.489E-04           0.100E+01           0.665E-02
 116           0.210E+05           0.459E-04           0.461E-04           0.100E+01           0.650E-02
 118           0.217E+05           0.436E-04           0.438E-04           0.100E+01           0.640E-02
 120           0.229E+05           0.415E-04           0.417E-04           0.100E+01           0.628E-02
 122           0.233E+05           0.394E-04           0.396E-04           0.100E+01           0.618E-02
 124           0.243E+05           0.377E-04           0.379E-04           0.100E+01           0.610E-02
 126           0.244E+05           0.362E-04           0.364E-04           0.100E+01           0.612E-02
 128           0.258E+05           0.342E-04           0.344E-04           0.100E+01           0.594E-02
 132           0.690E+04           0.317E-04           0.317E-04           0.100E+01           0.116E-01
 136           0.738E+04           0.292E-04           0.293E-04           0.100E+01           0.113E-01
 140           0.760E+04           0.269E-04           0.269E-04           0.100E+01           0.114E-01
 144           0.823E+04           0.248E-04           0.248E-04           0.100E+01           0.108E-01
 148           0.858E+04           0.229E-04           0.229E-04           0.100E+01           0.107E-01
 152           0.913E+04           0.212E-04           0.212E-04           0.100E+01           0.102E-01
 156           0.938E+04           0.197E-04           0.197E-04           0.100E+01           0.103E-01
 160           0.101E+05           0.184E-04           0.184E-04           0.100E+01           0.977E-02
 164           0.107E+05           0.172E-04           0.172E-04           0.100E+01           0.963E-02
 168           0.110E+05           0.159E-04           0.159E-04           0.100E+01           0.937E-02
 172           0.117E+05           0.148E-04           0.148E-04           0.100E+01           0.910E-02
 176           0.120E+05           0.139E-04           0.139E-04           0.100E+01           0.912E-02
 180           0.130E+05           0.130E-04           0.130E-04           0.100E+01           0.883E-02
 184           0.131E+05           0.122E-04           0.122E-04           0.100E+01           0.881E-02
 188           0.138E+05           0.113E-04           0.114E-04           0.100E+01           0.840E-02
 192           0.145E+05           0.106E-04           0.106E-04           0.100E+01           0.840E-02
 196           0.152E+05           0.100E-04           0.100E-04           0.100E+01           0.828E-02
 200           0.159E+05           0.951E-05           0.953E-05           0.100E+01           0.804E-02
 204           0.161E+05           0.915E-05           0.918E-05           0.100E+01           0.801E-02
 208           0.171E+05           0.853E-05           0.855E-05           0.100E+01           0.770E-02
 212           0.177E+05           0.807E-05           0.810E-05           0.100E+01           0.763E-02
 216           0.182E+05           0.764E-05           0.767E-05           0.100E+01           0.749E-02
 220           0.188E+05           0.732E-05           0.735E-05           0.100E+01           0.740E-02
 224           0.196E+05           0.683E-05           0.686E-05           0.100E+01           0.724E-02
 228           0.207E+05           0.653E-05           0.656E-05           0.100E+01           0.702E-02
 232           0.210E+05           0.622E-05           0.625E-05           0.100E+01           0.701E-02
 236           0.217E+05           0.588E-05           0.591E-05           0.100E+01           0.689E-02
 240           0.229E+05           0.564E-05           0.567E-05           0.100E+01           0.674E-02
 244           0.233E+05           0.536E-05           0.539E-05           0.100E+01           0.662E-02
 248           0.243E+05           0.512E-05           0.515E-05           0.100E+01           0.653E-02
 252           0.244E+05           0.492E-05           0.495E-05           0.100E+01           0.651E-02
 256           0.258E+05           0.468E-05           0.471E-05           0.100E+01           0.630E-02
 264           0.690E+04           0.430E-05           0.431E-05           0.100E+01           0.122E-01
 272           0.738E+04           0.384E-05           0.384E-05           0.100E+01           0.120E-01
 280           0.760E+04           0.357E-05           0.357E-05           0.100E+01           0.117E-01
 288           0.823E+04           0.335E-05           0.335E-05           0.100E+01           0.114E-01
 296           0.858E+04           0.302E-05           0.302E-05           0.100E+01           0.109E-01
 304           0.913E+04           0.280E-05           0.280E-05           0.100E+01           0.106E-01
 312           0.938E+04           0.261E-05           0.261E-05           0.100E+01           0.104E-01
 320           0.101E+05           0.243E-05           0.244E-05           0.100E+01           0.100E-01
 328           0.107E+05           0.229E-05           0.230E-05           0.100E+01           0.979E-02
 336           0.110E+05           0.211E-05           0.211E-05           0.100E+01           0.978E-02
 344           0.117E+05           0.198E-05           0.198E-05           0.100E+01           0.949E-02
 352           0.120E+05           0.184E-05           0.184E-05           0.100E+01           0.929E-02
 360           0.130E+05           0.174E-05           0.174E-05           0.100E+01           0.889E-02
 368           0.131E+05           0.162E-05           0.162E-05           0.100E+01           0.885E-02
 376           0.138E+05           0.151E-05           0.151E-05           0.100E+01           0.857E-02
 384           0.145E+05           0.140E-05           0.140E-05           0.100E+01           0.848E-02
 392           0.152E+05           0.132E-05           0.132E-05           0.100E+01           0.828E-02
 400           0.159E+05           0.124E-05           0.124E-05           0.100E+01           0.802E-02
 408           0.161E+05           0.117E-05           0.118E-05           0.100E+01           0.793E-02
 416           0.171E+05           0.109E-05           0.110E-05           0.100E+01           0.779E-02
 424           0.177E+05           0.103E-05           0.104E-05           0.100E+01           0.753E-02
 432           0.182E+05           0.974E-06           0.977E-06           0.100E+01           0.757E-02
 440           0.188E+05           0.927E-06           0.930E-06           0.100E+01           0.735E-02
 448           0.196E+05           0.896E-06           0.899E-06           0.100E+01           0.728E-02
 456           0.207E+05           0.841E-06           0.844E-06           0.100E+01           0.708E-02
 464           0.210E+05           0.803E-06           0.807E-06           0.100E+01           0.698E-02
 472           0.217E+05           0.769E-06           0.772E-06           0.100E+01           0.690E-02
 480           0.229E+05           0.728E-06           0.732E-06           0.100E+01           0.672E-02
 488           0.233E+05           0.697E-06           0.701E-06           0.100E+01           0.672E-02
 496           0.243E+05           0.666E-06           0.670E-06           0.100E+01           0.655E-02
 504           0.244E+05           0.633E-06           0.637E-06           0.100E+01           0.648E-02
 512           0.258E+05           0.605E-06           0.609E-06           0.100E+01           0.629E-02
