   0           0.100E+01           0.100E+01           0.100E+01           0.100E+01           0.100E+01
   1           0.900E+01           0.178E+00           0.178E+00           0.100E+01           0.237E+00
   2           0.310E+02           0.769E-01           0.769E-01           0.100E+01           0.189E+00
   3           0.490E+02           0.517E-01           0.517E-01           0.100E+01           0.165E+00
   4           0.105E+03           0.387E-01           0.387E-01           0.100E+01           0.973E-01
   5           0.175E+03           0.321E-01           0.321E-01           0.100E+01           0.607E-01
   6           0.225E+03           0.277E-01           0.277E-01           0.100E+01           0.487E-01
   7           0.301E+03           0.249E-01           0.249E-01           0.100E+01           0.420E-01
   8           0.381E+03           0.186E-01           0.186E-01           0.100E+01           0.421E-01
   9           0.571E+03           0.163E-01           0.163E-01           0.100E+01           0.368E-01
  10           0.625E+03           0.144E-01           0.144E-01           0.100E+01           0.337E-01
  11           0.729E+03           0.119E-01           0.119E-01           0.100E+01           0.309E-01
  12           0.907E+03           0.102E-01           0.102E-01           0.100E+01           0.286E-01
  13           0.109E+04           0.894E-02           0.894E-02           0.100E+01           0.257E-01
  14           0.125E+04           0.770E-02           0.770E-02           0.100E+01           0.235E-01
  15           0.131E+04           0.671E-02           0.671E-02           0.100E+01           0.232E-01
  16           0.167E+04           0.605E-02           0.605E-02           0.100E+01           0.206E-01
  17           0.186E+04           0.543E-02           0.543E-02           0.100E+01           0.204E-01
  18           0.208E+04           0.509E-02           0.509E-02           0.100E+01           0.191E-01
  19           0.218E+04           0.486E-02           0.486E-02           0.100E+01           0.179E-01
  20           0.252E+04           0.446E-02           0.446E-02           0.100E+01           0.168E-01
  21           0.286E+04           0.387E-02           0.387E-02           0.100E+01           0.166E-01
  22           0.299E+04           0.348E-02           0.348E-02           0.100E+01           0.167E-01
  23           0.330E+04           0.314E-02           0.314E-02           0.100E+01           0.159E-01
  24           0.356E+04           0.279E-02           0.279E-02           0.100E+01           0.156E-01
  25           0.402E+04           0.263E-02           0.263E-02           0.100E+01           0.145E-01
  26           0.430E+04           0.235E-02           0.235E-02           0.100E+01           0.145E-01
  27           0.453E+04           0.218E-02           0.218E-02           0.100E+01           0.142E-01
  28           0.498E+04           0.203E-02           0.203E-02           0.100E+01           0.136E-01
  29           0.528E+04           0.185E-02           0.185E-02           0.100E+01           0.134E-01
  30           0.561E+04           0.171E-02           0.172E-02           0.100E+01           0.129E-01
  31           0.607E+04           0.159E-02           0.159E-02           0.100E+01           0.125E-01
  32           0.630E+04           0.146E-02           0.146E-02           0.100E+01           0.121E-01
  33           0.690E+04           0.137E-02           0.137E-02           0.100E+01           0.115E-01
  34           0.738E+04           0.130E-02           0.130E-02           0.100E+01           0.110E-01
  35           0.760E+04           0.122E-02           0.122E-02           0.100E+01           0.110E-01
  36           0.823E+04           0.114E-02           0.114E-02           0.100E+01           0.105E-01
  37           0.858E+04           0.109E-02           0.109E-02           0.100E+01           0.103E-01
  38           0.913E+04           0.103E-02           0.103E-02           0.100E+01           0.100E-01
  39           0.938E+04           0.968E-03           0.969E-03           0.100E+01           0.989E-02
  40           0.101E+05           0.899E-03           0.900E-03           0.100E+01           0.977E-02
  41           0.107E+05           0.843E-03           0.844E-03           0.100E+01           0.943E-02
  42           0.110E+05           0.825E-03           0.826E-03           0.100E+01           0.919E-02
  43           0.117E+05           0.791E-03           0.792E-03           0.100E+01           0.880E-02
  44           0.120E+05           0.760E-03           0.761E-03           0.100E+01           0.860E-02
  45           0.130E+05           0.724E-03           0.725E-03           0.100E+01           0.830E-02
  46           0.131E+05           0.706E-03           0.707E-03           0.100E+01           0.819E-02
  47           0.138E+05           0.687E-03           0.688E-03           0.100E+01           0.793E-02
  48           0.145E+05           0.657E-03           0.659E-03           0.100E+01           0.779E-02
  49           0.152E+05           0.624E-03           0.626E-03           0.100E+01           0.763E-02
  50           0.159E+05           0.601E-03           0.603E-03           0.100E+01           0.736E-02
  51           0.161E+05           0.581E-03           0.582E-03           0.100E+01           0.736E-02
  52           0.171E+05           0.564E-03           0.565E-03           0.100E+01           0.701E-02
  53           0.177E+05           0.537E-03           0.538E-03           0.100E+01           0.685E-02
  54           0.182E+05           0.501E-03           0.503E-03           0.100E+01           0.682E-02
  55           0.188E+05           0.475E-03           0.477E-03           0.100E+01           0.671E-02
  56           0.196E+05           0.462E-03           0.464E-03           0.100E+01           0.659E-02
  57           0.207E+05           0.449E-03           0.451E-03           0.100E+01           0.640E-02
  58           0.210E+05           0.423E-03           0.424E-03           0.100E+01           0.635E-02
  59           0.217E+05           0.399E-03           0.401E-03           0.100E+01           0.636E-02
  60           0.229E+05           0.382E-03           0.384E-03           0.100E+01           0.613E-02
  61           0.233E+05           0.368E-03           0.370E-03           0.100E+01           0.602E-02
  62           0.243E+05           0.358E-03           0.360E-03           0.100E+01           0.587E-02
  63           0.244E+05           0.349E-03           0.351E-03           0.100E+01           0.584E-02
  64           0.258E+05           0.330E-03           0.332E-03           0.100E+01           0.575E-02
  66           0.690E+04           0.307E-03           0.307E-03           0.100E+01           0.111E-01
  68           0.738E+04           0.279E-03           0.279E-03           0.100E+01           0.109E-01
  70           0.760E+04           0.262E-03           0.262E-03           0.100E+01           0.106E-01
  72           0.823E+04           0.240E-03           0.240E-03           0.100E+01           0.103E-01
  74           0.858E+04           0.218E-03           0.218E-03           0.100E+01           0.106E-01
  76           0.913E+04           0.201E-03           0.201E-03           0.100E+01           0.104E-01
  78           0.938E+04           0.185E-03           0.185E-03           0.100E+01           0.102E-01
  80           0.101E+05           0.175E-03           0.176E-03           0.100E+01           0.958E-02
  82           0.107E+05           0.163E-03           0.163E-03           0.100E+01           0.948E-02
  84           0.110E+05           0.154E-03           0.154E-03           0.100E+01           0.932E-02
  86           0.117E+05           0.143E-03           0.144E-03           0.100E+01           0.913E-02
  88           0.120E+05           0.135E-03           0.136E-03           0.100E+01           0.906E-02
  90           0.130E+05           0.129E-03           0.129E-03           0.100E+01           0.868E-02
  92           0.131E+05           0.121E-03           0.121E-03           0.100E+01           0.875E-02
  94           0.138E+05           0.117E-03           0.117E-03           0.100E+01           0.845E-02
  96           0.145E+05           0.111E-03           0.111E-03           0.100E+01           0.812E-02
  98           0.152E+05           0.106E-03           0.107E-03           0.100E+01           0.798E-02
 100           0.159E+05           0.102E-03           0.102E-03           0.100E+01           0.781E-02
 102           0.161E+05           0.962E-04           0.965E-04           0.100E+01           0.768E-02
 104           0.171E+05           0.922E-04           0.925E-04           0.100E+01           0.746E-02
 106           0.177E+05           0.871E-04           0.874E-04           0.100E+01           0.741E-02
 108           0.182E+05           0.833E-04           0.836E-04           0.100E+01           0.730E-02
 110           0.188E+05           0.791E-04           0.794E-04           0.100E+01           0.724E-02
 112           0.196E+05           0.764E-04           0.767E-04           0.100E+01           0.705E-02
 114           0.207E+05           0.734E-04           0.737E-04           0.100E+01           0.690E-02
 116           0.210E+05           0.695E-04           0.698E-04           0.100E+01           0.689E-02
 118           0.217E+05           0.671E-04           0.674E-04           0.100E+01           0.670E-02
 120           0.229E+05           0.634E-04           0.637E-04           0.100E+01           0.661E-02
 122           0.233E+05           0.603E-04           0.606E-04           0.100E+01           0.656E-02
 124           0.243E+05           0.571E-04           0.575E-04           0.100E+01           0.646E-02
 126           0.244E+05           0.543E-04           0.546E-04           0.100E+01           0.640E-02
 128           0.258E+05           0.522E-04           0.526E-04           0.100E+01           0.625E-02
 132           0.690E+04           0.486E-04           0.486E-04           0.100E+01           0.122E-01
 136           0.738E+04           0.441E-04           0.442E-04           0.100E+01           0.118E-01
 140           0.760E+04           0.412E-04           0.412E-04           0.100E+01           0.116E-01
 144           0.823E+04           0.379E-04           0.380E-04           0.100E+01           0.112E-01
 148           0.858E+04           0.357E-04           0.358E-04           0.100E+01           0.111E-01
 152           0.913E+04           0.331E-04           0.331E-04           0.100E+01           0.107E-01
 156           0.938E+04           0.304E-04           0.304E-04           0.100E+01           0.106E-01
 160           0.101E+05           0.289E-04           0.289E-04           0.100E+01           0.999E-02
 164           0.107E+05           0.270E-04           0.270E-04           0.100E+01           0.969E-02
 168           0.110E+05           0.250E-04           0.250E-04           0.100E+01           0.956E-02
 172           0.117E+05           0.229E-04           0.229E-04           0.100E+01           0.936E-02
 176           0.120E+05           0.215E-04           0.216E-04           0.100E+01           0.929E-02
 180           0.130E+05           0.199E-04           0.199E-04           0.100E+01           0.890E-02
 184           0.131E+05           0.189E-04           0.189E-04           0.100E+01           0.899E-02
 188           0.138E+05           0.176E-04           0.176E-04           0.100E+01           0.874E-02
 192           0.145E+05           0.164E-04           0.164E-04           0.100E+01           0.855E-02
 196           0.152E+05           0.156E-04           0.156E-04           0.100E+01           0.827E-02
 200           0.159E+05           0.146E-04           0.147E-04           0.100E+01           0.811E-02
 204           0.161E+05           0.135E-04           0.135E-04           0.100E+01           0.801E-02
 208           0.171E+05           0.127E-04           0.128E-04           0.100E+01           0.784E-02
 212           0.177E+05           0.122E-04           0.123E-04           0.100E+01           0.774E-02
 216           0.182E+05           0.116E-04           0.116E-04           0.100E+01           0.766E-02
 220           0.188E+05           0.108E-04           0.109E-04           0.100E+01           0.751E-02
 224           0.196E+05           0.102E-04           0.102E-04           0.100E+01           0.727E-02
 228           0.207E+05           0.955E-05           0.959E-05           0.100E+01           0.708E-02
 232           0.210E+05           0.909E-05           0.913E-05           0.100E+01           0.701E-02
 236           0.217E+05           0.862E-05           0.866E-05           0.100E+01           0.699E-02
 240           0.229E+05           0.814E-05           0.818E-05           0.100E+01           0.684E-02
 244           0.233E+05           0.770E-05           0.774E-05           0.100E+01           0.666E-02
 248           0.243E+05           0.741E-05           0.745E-05           0.100E+01           0.654E-02
 252           0.244E+05           0.704E-05           0.708E-05           0.100E+01           0.652E-02
 256           0.258E+05           0.674E-05           0.678E-05           0.100E+01           0.642E-02
 264           0.690E+04           0.635E-05           0.635E-05           0.100E+01           0.121E-01
 272           0.738E+04           0.568E-05           0.568E-05           0.100E+01           0.120E-01
 280           0.760E+04           0.519E-05           0.519E-05           0.100E+01           0.118E-01
 288           0.823E+04           0.469E-05           0.470E-05           0.100E+01           0.114E-01
 296           0.858E+04           0.439E-05           0.439E-05           0.100E+01           0.109E-01
 304           0.913E+04           0.401E-05           0.401E-05           0.100E+01           0.109E-01
 312           0.938E+04           0.364E-05           0.364E-05           0.100E+01           0.106E-01
 320           0.101E+05           0.332E-05           0.332E-05           0.100E+01           0.104E-01
 328           0.107E+05           0.310E-05           0.310E-05           0.100E+01           0.100E-01
 336           0.110E+05           0.277E-05           0.278E-05           0.100E+01           0.985E-02
 344           0.117E+05           0.254E-05           0.254E-05           0.100E+01           0.955E-02
 352           0.120E+05           0.237E-05           0.238E-05           0.100E+01           0.940E-02
 360           0.130E+05           0.216E-05           0.216E-05           0.100E+01           0.923E-02
 368           0.131E+05           0.203E-05           0.203E-05           0.100E+01           0.907E-02
 376           0.138E+05           0.190E-05           0.191E-05           0.100E+01           0.883E-02
 384           0.145E+05           0.177E-05           0.177E-05           0.100E+01           0.863E-02
 392           0.152E+05           0.167E-05           0.167E-05           0.100E+01           0.835E-02
 400           0.159E+05           0.155E-05           0.156E-05           0.100E+01           0.840E-02
 408           0.161E+05           0.145E-05           0.146E-05           0.100E+01           0.804E-02
 416           0.171E+05           0.137E-05           0.137E-05           0.100E+01           0.788E-02
 424           0.177E+05           0.129E-05           0.130E-05           0.100E+01           0.776E-02
 432           0.182E+05           0.122E-05           0.122E-05           0.100E+01           0.768E-02
 440           0.188E+05           0.115E-05           0.116E-05           0.100E+01           0.762E-02
 448           0.196E+05           0.109E-05           0.109E-05           0.100E+01           0.737E-02
 456           0.207E+05           0.103E-05           0.104E-05           0.100E+01           0.722E-02
 464           0.210E+05           0.960E-06           0.964E-06           0.100E+01           0.711E-02
 472           0.217E+05           0.913E-06           0.918E-06           0.100E+01           0.695E-02
 480           0.229E+05           0.851E-06           0.855E-06           0.100E+01           0.676E-02
 488           0.233E+05           0.810E-06           0.814E-06           0.100E+01           0.675E-02
 496           0.243E+05           0.759E-06           0.763E-06           0.100E+01           0.652E-02
 504           0.244E+05           0.721E-06           0.725E-06           0.100E+01           0.656E-02
 512           0.258E+05           0.684E-06           0.688E-06           0.100E+01           0.638E-02
