   0           0.100E+01           0.100E+01           0.100E+01           0.100E+01           0.100E+01
   1           0.900E+01           0.370E-04           0.370E-04           0.100E+01           0.204E+00
   2           0.310E+02           0.124E-04           0.124E-04           0.100E+01           0.196E+00
   3           0.490E+02           0.883E-05           0.883E-05           0.100E+01           0.136E+00
   4           0.105E+03           0.629E-05           0.629E-05           0.100E+01           0.894E-01
   5           0.175E+03           0.358E-05           0.358E-05           0.100E+01           0.836E-01
   6           0.225E+03           0.234E-05           0.234E-05           0.100E+01           0.661E-01
   7           0.301E+03           0.156E-05           0.156E-05           0.100E+01           0.650E-01
   8           0.381E+03           0.125E-05           0.125E-05           0.100E+01           0.540E-01
   9           0.571E+03           0.901E-06           0.901E-06           0.100E+01           0.419E-01
  10           0.625E+03           0.697E-06           0.697E-06           0.100E+01           0.415E-01
  11           0.729E+03           0.560E-06           0.560E-06           0.100E+01           0.381E-01
  12           0.907E+03           0.497E-06           0.497E-06           0.100E+01           0.330E-01
  13           0.109E+04           0.379E-06           0.379E-06           0.100E+01           0.309E-01
  14           0.125E+04           0.319E-06           0.319E-06           0.100E+01           0.276E-01
  15           0.131E+04           0.272E-06           0.272E-06           0.100E+01           0.285E-01
  16           0.167E+04           0.244E-06           0.244E-06           0.100E+01           0.250E-01
  17           0.186E+04           0.216E-06           0.216E-06           0.100E+01           0.232E-01
  18           0.208E+04           0.183E-06           0.183E-06           0.100E+01           0.222E-01
  19           0.218E+04           0.161E-06           0.161E-06           0.100E+01           0.213E-01
  20           0.252E+04           0.140E-06           0.140E-06           0.100E+01           0.202E-01
  21           0.286E+04           0.124E-06           0.124E-06           0.100E+01           0.188E-01
  22           0.299E+04           0.109E-06           0.109E-06           0.100E+01           0.184E-01
  23           0.330E+04           0.992E-07           0.992E-07           0.100E+01           0.170E-01
  24           0.356E+04           0.942E-07           0.942E-07           0.100E+01           0.168E-01
  25           0.402E+04           0.829E-07           0.829E-07           0.100E+01           0.161E-01
  26           0.430E+04           0.750E-07           0.750E-07           0.100E+01           0.153E-01
  27           0.453E+04           0.696E-07           0.696E-07           0.100E+01           0.150E-01
  28           0.498E+04           0.621E-07           0.621E-07           0.100E+01           0.142E-01
  29           0.528E+04           0.571E-07           0.571E-07           0.100E+01           0.138E-01
  30           0.561E+04           0.529E-07           0.529E-07           0.100E+01           0.131E-01
  31           0.607E+04           0.494E-07           0.494E-07           0.100E+01           0.130E-01
  32           0.630E+04           0.446E-07           0.446E-07           0.100E+01           0.126E-01
  33           0.690E+04           0.408E-07           0.408E-07           0.100E+01           0.120E-01
  34           0.738E+04           0.387E-07           0.387E-07           0.100E+01           0.117E-01
  35           0.760E+04           0.355E-07           0.355E-07           0.100E+01           0.116E-01
  36           0.823E+04           0.338E-07           0.338E-07           0.100E+01           0.111E-01
  37           0.858E+04           0.316E-07           0.316E-07           0.100E+01           0.107E-01
  38           0.913E+04           0.294E-07           0.294E-07           0.100E+01           0.104E-01
  39           0.938E+04           0.274E-07           0.274E-07           0.100E+01           0.105E-01
  40           0.101E+05           0.256E-07           0.257E-07           0.100E+01           0.982E-02
  41           0.107E+05           0.245E-07           0.245E-07           0.100E+01           0.984E-02
  42           0.110E+05           0.231E-07           0.232E-07           0.100E+01           0.958E-02
  43           0.117E+05           0.214E-07           0.214E-07           0.100E+01           0.924E-02
  44           0.120E+05           0.204E-07           0.204E-07           0.100E+01           0.905E-02
  45           0.130E+05           0.193E-07           0.193E-07           0.100E+01           0.903E-02
  46           0.131E+05           0.181E-07           0.182E-07           0.100E+01           0.871E-02
  47           0.138E+05           0.172E-07           0.172E-07           0.100E+01           0.854E-02
  48           0.145E+05           0.162E-07           0.163E-07           0.100E+01           0.834E-02
  49           0.152E+05           0.155E-07           0.155E-07           0.100E+01           0.820E-02
  50           0.159E+05           0.146E-07           0.146E-07           0.100E+01           0.794E-02
  51           0.161E+05           0.141E-07           0.142E-07           0.100E+01           0.780E-02
  52           0.171E+05           0.132E-07           0.132E-07           0.100E+01           0.751E-02
  53           0.177E+05           0.127E-07           0.128E-07           0.100E+01           0.735E-02
  54           0.182E+05           0.121E-07           0.121E-07           0.100E+01           0.737E-02
  55           0.188E+05           0.116E-07           0.116E-07           0.100E+01           0.753E-02
  56           0.196E+05           0.111E-07           0.111E-07           0.100E+01           0.710E-02
  57           0.207E+05           0.107E-07           0.107E-07           0.100E+01           0.689E-02
  58           0.210E+05           0.101E-07           0.102E-07           0.100E+01           0.695E-02
  59           0.217E+05           0.967E-08           0.972E-08           0.100E+01           0.683E-02
  60           0.229E+05           0.930E-08           0.935E-08           0.100E+01           0.669E-02
  61           0.233E+05           0.889E-08           0.894E-08           0.100E+01           0.655E-02
  62           0.243E+05           0.851E-08           0.856E-08           0.100E+01           0.635E-02
  63           0.244E+05           0.815E-08           0.820E-08           0.100E+01           0.645E-02
  64           0.258E+05           0.780E-08           0.785E-08           0.100E+01           0.648E-02
  66           0.690E+04           0.731E-08           0.731E-08           0.100E+01           0.119E-01
  68           0.738E+04           0.665E-08           0.665E-08           0.100E+01           0.117E-01
  70           0.760E+04           0.618E-08           0.618E-08           0.100E+01           0.115E-01
  72           0.823E+04           0.580E-08           0.580E-08           0.100E+01           0.110E-01
  74           0.858E+04           0.542E-08           0.542E-08           0.100E+01           0.107E-01
  76           0.913E+04           0.499E-08           0.499E-08           0.100E+01           0.107E-01
  78           0.938E+04           0.483E-08           0.483E-08           0.100E+01           0.108E-01
  80           0.101E+05           0.445E-08           0.445E-08           0.100E+01           0.100E-01
  82           0.107E+05           0.420E-08           0.421E-08           0.100E+01           0.973E-02
  84           0.110E+05           0.389E-08           0.390E-08           0.100E+01           0.959E-02
  86           0.117E+05           0.368E-08           0.369E-08           0.100E+01           0.928E-02
  88           0.120E+05           0.349E-08           0.350E-08           0.100E+01           0.913E-02
  90           0.130E+05           0.331E-08           0.332E-08           0.100E+01           0.112E-01
  92           0.131E+05           0.311E-08           0.312E-08           0.100E+01           0.885E-02
  94           0.138E+05           0.295E-08           0.296E-08           0.100E+01           0.845E-02
  96           0.145E+05           0.275E-08           0.275E-08           0.100E+01           0.832E-02
  98           0.152E+05           0.260E-08           0.261E-08           0.100E+01           0.825E-02
 100           0.159E+05           0.249E-08           0.250E-08           0.100E+01           0.788E-02
 102           0.161E+05           0.237E-08           0.237E-08           0.100E+01           0.800E-02
 104           0.171E+05           0.226E-08           0.227E-08           0.100E+01           0.766E-02
 106           0.177E+05           0.216E-08           0.217E-08           0.100E+01           0.756E-02
 108           0.182E+05           0.206E-08           0.207E-08           0.100E+01           0.743E-02
 110           0.188E+05           0.199E-08           0.199E-08           0.100E+01           0.998E-02
 112           0.196E+05           0.188E-08           0.189E-08           0.100E+01           0.719E-02
 114           0.207E+05           0.176E-08           0.177E-08           0.100E+01           0.704E-02
 116           0.210E+05           0.171E-08           0.172E-08           0.100E+01           0.700E-02
 118           0.217E+05           0.162E-08           0.162E-08           0.100E+01           0.675E-02
 120           0.229E+05           0.154E-08           0.155E-08           0.100E+01           0.664E-02
 122           0.233E+05           0.149E-08           0.150E-08           0.100E+01           0.659E-02
 124           0.243E+05           0.143E-08           0.144E-08           0.100E+01           0.645E-02
 126           0.244E+05           0.138E-08           0.138E-08           0.100E+01           0.638E-02
 128           0.258E+05           0.132E-08           0.133E-08           0.100E+01           0.618E-02
 132           0.690E+04           0.126E-08           0.126E-08           0.100E+01           0.121E-01
 136           0.738E+04           0.116E-08           0.116E-08           0.100E+01           0.120E-01
 140           0.760E+04           0.109E-08           0.109E-08           0.100E+01           0.132E-01
 144           0.823E+04           0.107E-08           0.107E-08           0.100E+01           0.129E-01
 148           0.858E+04           0.107E-08           0.107E-08           0.100E+01           0.147E-01
 152           0.913E+04           0.108E-08           0.108E-08           0.100E+01           0.170E-01
 156           0.938E+04           0.116E-08           0.116E-08           0.100E+01           0.199E-01
 160           0.101E+05           0.120E-08           0.120E-08           0.100E+01           0.210E-01
 164           0.107E+05           0.129E-08           0.129E-08           0.100E+01           0.231E-01
 168           0.110E+05           0.147E-08           0.147E-08           0.100E+01           0.261E-01
 172           0.117E+05           0.165E-08           0.165E-08           0.100E+01           0.289E-01
 176           0.120E+05           0.187E-08           0.187E-08           0.100E+01           0.302E-01
 180           0.130E+05           0.213E-08           0.213E-08           0.100E+01           0.314E-01
 184           0.131E+05           0.243E-08           0.243E-08           0.100E+01           0.341E-01
 188           0.138E+05           0.296E-08           0.296E-08           0.100E+01           0.362E-01
 192           0.145E+05           0.375E-08           0.376E-08           0.100E+01           0.379E-01
 196           0.152E+05           0.470E-08           0.471E-08           0.100E+01           0.434E-01
 200           0.159E+05           0.599E-08           0.600E-08           0.100E+01           0.415E-01
 204           0.161E+05           0.755E-08           0.757E-08           0.100E+01           0.476E-01
 208           0.171E+05           0.975E-08           0.977E-08           0.100E+01           0.543E-01
 212           0.177E+05           0.118E-07           0.118E-07           0.100E+01           0.513E-01
 216           0.182E+05           0.160E-07           0.160E-07           0.100E+01           0.590E-01
 220           0.188E+05           0.209E-07           0.210E-07           0.100E+01           0.632E-01
 224           0.196E+05           0.281E-07           0.282E-07           0.100E+01           0.674E-01
 228           0.207E+05           0.414E-07           0.416E-07           0.100E+01           0.858E-01
 232           0.210E+05           0.497E-07           0.499E-07           0.100E+01           0.781E-01
 236           0.217E+05           0.744E-07           0.747E-07           0.100E+01           0.878E-01
 240           0.229E+05           0.926E-07           0.930E-07           0.100E+01           0.101E+00
 244           0.233E+05           0.121E-06           0.122E-06           0.100E+01           0.113E+00
 248           0.243E+05           0.142E-06           0.143E-06           0.100E+01           0.113E+00
 252           0.244E+05           0.154E-06           0.155E-06           0.100E+01           0.107E+00
 256           0.258E+05           0.159E-06           0.160E-06           0.100E+01           0.110E+00
 264           0.690E+04           0.119E-06           0.119E-06           0.100E+01           0.217E+00
 272           0.738E+04           0.922E-07           0.922E-07           0.100E+01           0.146E+00
 280           0.760E+04           0.611E-07           0.612E-07           0.100E+01           0.117E+00
 288           0.823E+04           0.409E-07           0.409E-07           0.100E+01           0.872E-01
 296           0.858E+04           0.341E-07           0.341E-07           0.100E+01           0.627E-01
 304           0.913E+04           0.352E-07           0.352E-07           0.100E+01           0.500E-01
 312           0.938E+04           0.296E-07           0.297E-07           0.100E+01           0.481E-01
 320           0.101E+05           0.485E-07           0.485E-07           0.100E+01           0.592E-01
 328           0.107E+05           0.436E-07           0.437E-07           0.100E+01           0.651E-01
 336           0.110E+05           0.821E-07           0.823E-07           0.100E+01           0.821E-01
 344           0.117E+05           0.746E-07           0.747E-07           0.100E+01           0.829E-01
 352           0.120E+05           0.718E-07           0.719E-07           0.100E+01           0.100E+00
 360           0.130E+05           0.130E-06           0.130E-06           0.100E+01           0.762E-01
 368           0.131E+05           0.744E-07           0.745E-07           0.100E+01           0.767E-01
 376           0.138E+05           0.975E-07           0.978E-07           0.100E+01           0.635E-01
 384           0.145E+05           0.637E-07           0.638E-07           0.100E+01           0.536E-01
 392           0.152E+05           0.542E-07           0.544E-07           0.100E+01           0.513E-01
 400           0.159E+05           0.730E-07           0.732E-07           0.100E+01           0.417E-01
 408           0.161E+05           0.497E-07           0.499E-07           0.100E+01           0.444E-01
 416           0.171E+05           0.491E-07           0.493E-07           0.100E+01           0.403E-01
 424           0.177E+05           0.567E-07           0.569E-07           0.100E+01           0.503E-01
 432           0.182E+05           0.572E-07           0.574E-07           0.100E+01           0.549E-01
 440           0.188E+05           0.488E-07           0.489E-07           0.100E+01           0.451E-01
 448           0.196E+05           0.406E-07           0.407E-07           0.100E+01           0.442E-01
 456           0.207E+05           0.520E-07           0.522E-07           0.100E+01           0.441E-01
 464           0.210E+05           0.465E-07           0.467E-07           0.100E+01           0.386E-01
 472           0.217E+05           0.404E-07           0.406E-07           0.100E+01           0.342E-01
 480           0.229E+05           0.460E-07           0.463E-07           0.100E+01           0.323E-01
 488           0.233E+05           0.454E-07           0.456E-07           0.100E+01           0.329E-01
 496           0.243E+05           0.447E-07           0.449E-07           0.100E+01           0.292E-01
 504           0.244E+05           0.466E-07           0.469E-07           0.100E+01           0.281E-01
 512           0.258E+05           0.529E-07           0.532E-07           0.100E+01           0.258E-01
