   0           0.100E+01           0.100E+01           0.100E+01           0.100E+01           0.100E+01
   1           0.900E+01           0.168E-03           0.168E-03           0.100E+01           0.303E+00
   2           0.310E+02           0.367E-04           0.367E-04           0.100E+01           0.169E+00
   3           0.490E+02           0.164E-04           0.164E-04           0.100E+01           0.158E+00
   4           0.105E+03           0.108E-04           0.108E-04           0.100E+01           0.103E+00
   5           0.175E+03           0.565E-05           0.565E-05           0.100E+01           0.802E-01
   6           0.225E+03           0.428E-05           0.428E-05           0.100E+01           0.718E-01
   7           0.301E+03           0.285E-05           0.285E-05           0.100E+01           0.573E-01
   8           0.381E+03           0.200E-05           0.200E-05           0.100E+01           0.512E-01
   9           0.571E+03           0.152E-05           0.152E-05           0.100E+01           0.430E-01
  10           0.625E+03           0.112E-05           0.112E-05           0.100E+01           0.369E-01
  11           0.729E+03           0.875E-06           0.875E-06           0.100E+01           0.363E-01
  12           0.907E+03           0.740E-06           0.740E-06           0.100E+01           0.346E-01
  13           0.109E+04           0.570E-06           0.570E-06           0.100E+01           0.296E-01
  14           0.125E+04           0.483E-06           0.483E-06           0.100E+01           0.279E-01
  15           0.131E+04           0.420E-06           0.420E-06           0.100E+01           0.281E-01
  16           0.167E+04           0.333E-06           0.333E-06           0.100E+01           0.251E-01
  17           0.186E+04           0.316E-06           0.316E-06           0.100E+01           0.233E-01
  18           0.208E+04           0.264E-06           0.264E-06           0.100E+01           0.216E-01
  19           0.218E+04           0.225E-06           0.225E-06           0.100E+01           0.210E-01
  20           0.252E+04           0.203E-06           0.203E-06           0.100E+01           0.195E-01
  21           0.286E+04           0.178E-06           0.178E-06           0.100E+01           0.186E-01
  22           0.299E+04           0.158E-06           0.158E-06           0.100E+01           0.178E-01
  23           0.330E+04           0.143E-06           0.143E-06           0.100E+01           0.178E-01
  24           0.356E+04           0.126E-06           0.126E-06           0.100E+01           0.171E-01
  25           0.402E+04           0.114E-06           0.114E-06           0.100E+01           0.162E-01
  26           0.430E+04           0.105E-06           0.105E-06           0.100E+01           0.154E-01
  27           0.453E+04           0.923E-07           0.923E-07           0.100E+01           0.150E-01
  28           0.498E+04           0.848E-07           0.849E-07           0.100E+01           0.139E-01
  29           0.528E+04           0.769E-07           0.769E-07           0.100E+01           0.139E-01
  30           0.561E+04           0.683E-07           0.683E-07           0.100E+01           0.134E-01
  31           0.607E+04           0.651E-07           0.651E-07           0.100E+01           0.126E-01
  32           0.630E+04           0.594E-07           0.595E-07           0.100E+01           0.122E-01
  33           0.690E+04           0.551E-07           0.552E-07           0.100E+01           0.121E-01
  34           0.738E+04           0.508E-07           0.509E-07           0.100E+01           0.117E-01
  35           0.760E+04           0.481E-07           0.481E-07           0.100E+01           0.115E-01
  36           0.823E+04           0.430E-07           0.430E-07           0.100E+01           0.112E-01
  37           0.858E+04           0.406E-07           0.407E-07           0.100E+01           0.107E-01
  38           0.913E+04           0.373E-07           0.373E-07           0.100E+01           0.104E-01
  39           0.938E+04           0.350E-07           0.350E-07           0.100E+01           0.103E-01
  40           0.101E+05           0.327E-07           0.327E-07           0.100E+01           0.993E-02
  41           0.107E+05           0.313E-07           0.314E-07           0.100E+01           0.956E-02
  42           0.110E+05           0.288E-07           0.289E-07           0.100E+01           0.960E-02
  43           0.117E+05           0.271E-07           0.272E-07           0.100E+01           0.911E-02
  44           0.120E+05           0.255E-07           0.255E-07           0.100E+01           0.910E-02
  45           0.130E+05           0.239E-07           0.240E-07           0.100E+01           0.891E-02
  46           0.131E+05           0.226E-07           0.227E-07           0.100E+01           0.888E-02
  47           0.138E+05           0.213E-07           0.213E-07           0.100E+01           0.845E-02
  48           0.145E+05           0.200E-07           0.201E-07           0.100E+01           0.834E-02
  49           0.152E+05           0.190E-07           0.190E-07           0.100E+01           0.808E-02
  50           0.159E+05           0.183E-07           0.183E-07           0.100E+01           0.801E-02
  51           0.161E+05           0.170E-07           0.171E-07           0.100E+01           0.791E-02
  52           0.171E+05           0.161E-07           0.162E-07           0.100E+01           0.755E-02
  53           0.177E+05           0.156E-07           0.156E-07           0.100E+01           0.744E-02
  54           0.182E+05           0.148E-07           0.149E-07           0.100E+01           0.730E-02
  55           0.188E+05           0.142E-07           0.143E-07           0.100E+01           0.738E-02
  56           0.196E+05           0.135E-07           0.136E-07           0.100E+01           0.709E-02
  57           0.207E+05           0.129E-07           0.130E-07           0.100E+01           0.700E-02
  58           0.210E+05           0.123E-07           0.123E-07           0.100E+01           0.693E-02
  59           0.217E+05           0.115E-07           0.116E-07           0.100E+01           0.684E-02
  60           0.229E+05           0.111E-07           0.112E-07           0.100E+01           0.660E-02
  61           0.233E+05           0.106E-07           0.107E-07           0.100E+01           0.659E-02
  62           0.243E+05           0.101E-07           0.102E-07           0.100E+01           0.644E-02
  63           0.244E+05           0.972E-08           0.978E-08           0.100E+01           0.642E-02
  64           0.258E+05           0.933E-08           0.939E-08           0.100E+01           0.662E-02
  66           0.690E+04           0.870E-08           0.870E-08           0.100E+01           0.120E-01
  68           0.738E+04           0.775E-08           0.775E-08           0.100E+01           0.118E-01
  70           0.760E+04           0.724E-08           0.725E-08           0.100E+01           0.114E-01
  72           0.823E+04           0.687E-08           0.687E-08           0.100E+01           0.110E-01
  74           0.858E+04           0.636E-08           0.636E-08           0.100E+01           0.106E-01
  76           0.913E+04           0.583E-08           0.584E-08           0.100E+01           0.104E-01
  78           0.938E+04           0.552E-08           0.553E-08           0.100E+01           0.116E-01
  80           0.101E+05           0.509E-08           0.509E-08           0.100E+01           0.100E-01
  82           0.107E+05           0.479E-08           0.480E-08           0.100E+01           0.965E-02
  84           0.110E+05           0.445E-08           0.445E-08           0.100E+01           0.957E-02
  86           0.117E+05           0.411E-08           0.412E-08           0.100E+01           0.925E-02
  88           0.120E+05           0.388E-08           0.389E-08           0.100E+01           0.933E-02
  90           0.130E+05           0.370E-08           0.371E-08           0.100E+01           0.118E-01
  92           0.131E+05           0.349E-08           0.349E-08           0.100E+01           0.885E-02
  94           0.138E+05           0.327E-08           0.328E-08           0.100E+01           0.866E-02
  96           0.145E+05           0.312E-08           0.313E-08           0.100E+01           0.827E-02
  98           0.152E+05           0.288E-08           0.289E-08           0.100E+01           0.816E-02
 100           0.159E+05           0.277E-08           0.278E-08           0.100E+01           0.795E-02
 102           0.161E+05           0.264E-08           0.264E-08           0.100E+01           0.788E-02
 104           0.171E+05           0.250E-08           0.251E-08           0.100E+01           0.765E-02
 106           0.177E+05           0.233E-08           0.234E-08           0.100E+01           0.751E-02
 108           0.182E+05           0.224E-08           0.225E-08           0.100E+01           0.740E-02
 110           0.188E+05           0.214E-08           0.215E-08           0.100E+01           0.862E-02
 112           0.196E+05           0.203E-08           0.204E-08           0.100E+01           0.711E-02
 114           0.207E+05           0.192E-08           0.193E-08           0.100E+01           0.694E-02
 116           0.210E+05           0.184E-08           0.185E-08           0.100E+01           0.696E-02
 118           0.217E+05           0.174E-08           0.175E-08           0.100E+01           0.683E-02
 120           0.229E+05           0.167E-08           0.168E-08           0.100E+01           0.664E-02
 122           0.233E+05           0.160E-08           0.161E-08           0.100E+01           0.665E-02
 124           0.243E+05           0.152E-08           0.153E-08           0.100E+01           0.644E-02
 126           0.244E+05           0.145E-08           0.146E-08           0.100E+01           0.645E-02
 128           0.258E+05           0.142E-08           0.143E-08           0.100E+01           0.632E-02
 132           0.690E+04           0.131E-08           0.131E-08           0.100E+01           0.122E-01
 136           0.738E+04           0.125E-08           0.125E-08           0.100E+01           0.122E-01
 140           0.760E+04           0.120E-08           0.120E-08           0.100E+01           0.127E-01
 144           0.823E+04           0.112E-08           0.112E-08           0.100E+01           0.136E-01
 148           0.858E+04           0.116E-08           0.116E-08           0.100E+01           0.148E-01
 152           0.913E+04           0.115E-08           0.115E-08           0.100E+01           0.164E-01
 156           0.938E+04           0.123E-08           0.123E-08           0.100E+01           0.198E-01
 160           0.101E+05           0.127E-08           0.127E-08           0.100E+01           0.205E-01
 164           0.107E+05           0.147E-08           0.147E-08           0.100E+01           0.247E-01
 168           0.110E+05           0.164E-08           0.164E-08           0.100E+01           0.287E-01
 172           0.117E+05           0.189E-08           0.189E-08           0.100E+01           0.302E-01
 176           0.120E+05           0.225E-08           0.225E-08           0.100E+01           0.325E-01
 180           0.130E+05           0.255E-08           0.256E-08           0.100E+01           0.359E-01
 184           0.131E+05           0.327E-08           0.327E-08           0.100E+01           0.377E-01
 188           0.138E+05           0.408E-08           0.408E-08           0.100E+01           0.403E-01
 192           0.145E+05           0.499E-08           0.500E-08           0.100E+01           0.431E-01
 196           0.152E+05           0.645E-08           0.646E-08           0.100E+01           0.472E-01
 200           0.159E+05           0.851E-08           0.853E-08           0.100E+01           0.526E-01
 204           0.161E+05           0.108E-07           0.108E-07           0.100E+01           0.513E-01
 208           0.171E+05           0.148E-07           0.148E-07           0.100E+01           0.558E-01
 212           0.177E+05           0.187E-07           0.188E-07           0.100E+01           0.626E-01
 216           0.182E+05           0.255E-07           0.256E-07           0.100E+01           0.691E-01
 220           0.188E+05           0.343E-07           0.344E-07           0.100E+01           0.681E-01
 224           0.196E+05           0.430E-07           0.431E-07           0.100E+01           0.728E-01
 228           0.207E+05           0.531E-07           0.533E-07           0.100E+01           0.757E-01
 232           0.210E+05           0.720E-07           0.723E-07           0.100E+01           0.718E-01
 236           0.217E+05           0.881E-07           0.884E-07           0.100E+01           0.804E-01
 240           0.229E+05           0.909E-07           0.913E-07           0.100E+01           0.768E-01
 244           0.233E+05           0.103E-06           0.103E-06           0.100E+01           0.813E-01
 248           0.243E+05           0.112E-06           0.112E-06           0.100E+01           0.770E-01
 252           0.244E+05           0.111E-06           0.111E-06           0.100E+01           0.677E-01
 256           0.258E+05           0.122E-06           0.123E-06           0.100E+01           0.746E-01
 264           0.690E+04           0.959E-07           0.960E-07           0.100E+01           0.118E+00
 272           0.738E+04           0.769E-07           0.769E-07           0.100E+01           0.108E+00
 280           0.760E+04           0.640E-07           0.640E-07           0.100E+01           0.925E-01
 288           0.823E+04           0.526E-07           0.527E-07           0.100E+01           0.805E-01
 296           0.858E+04           0.468E-07           0.468E-07           0.100E+01           0.651E-01
 304           0.913E+04           0.482E-07           0.482E-07           0.100E+01           0.451E-01
 312           0.938E+04           0.393E-07           0.394E-07           0.100E+01           0.470E-01
 320           0.101E+05           0.614E-07           0.614E-07           0.100E+01           0.547E-01
 328           0.107E+05           0.524E-07           0.524E-07           0.100E+01           0.504E-01
 336           0.110E+05           0.697E-07           0.698E-07           0.100E+01           0.631E-01
 344           0.117E+05           0.726E-07           0.727E-07           0.100E+01           0.540E-01
 352           0.120E+05           0.591E-07           0.592E-07           0.100E+01           0.613E-01
 360           0.130E+05           0.101E-06           0.101E-06           0.100E+01           0.542E-01
 368           0.131E+05           0.708E-07           0.710E-07           0.100E+01           0.512E-01
 376           0.138E+05           0.793E-07           0.795E-07           0.100E+01           0.495E-01
 384           0.145E+05           0.688E-07           0.690E-07           0.100E+01           0.401E-01
 392           0.152E+05           0.562E-07           0.563E-07           0.100E+01           0.402E-01
 400           0.159E+05           0.727E-07           0.729E-07           0.100E+01           0.338E-01
 408           0.161E+05           0.537E-07           0.539E-07           0.100E+01           0.336E-01
 416           0.171E+05           0.561E-07           0.563E-07           0.100E+01           0.314E-01
 424           0.177E+05           0.572E-07           0.574E-07           0.100E+01           0.342E-01
 432           0.182E+05           0.520E-07           0.521E-07           0.100E+01           0.316E-01
 440           0.188E+05           0.495E-07           0.497E-07           0.100E+01           0.296E-01
 448           0.196E+05           0.460E-07           0.461E-07           0.100E+01           0.302E-01
 456           0.207E+05           0.513E-07           0.515E-07           0.100E+01           0.283E-01
 464           0.210E+05           0.482E-07           0.485E-07           0.100E+01           0.282E-01
 472           0.217E+05           0.461E-07           0.464E-07           0.100E+01           0.256E-01
 480           0.229E+05           0.497E-07           0.499E-07           0.100E+01           0.232E-01
 488           0.233E+05           0.503E-07           0.506E-07           0.100E+01           0.222E-01
 496           0.243E+05           0.489E-07           0.492E-07           0.100E+01           0.201E-01
 504           0.244E+05           0.504E-07           0.507E-07           0.100E+01           0.216E-01
 512           0.258E+05           0.565E-07           0.568E-07           0.100E+01           0.184E-01
