   0           0.100E+01           0.100E+01           0.100E+01           0.100E+01           0.100E+01
   1           0.900E+01           0.581E-01           0.581E-01           0.100E+01           0.194E+00
   2           0.310E+02           0.294E-01           0.294E-01           0.100E+01           0.148E+00
   3           0.490E+02           0.246E-01           0.246E-01           0.100E+01           0.103E+00
   4           0.105E+03           0.214E-01           0.214E-01           0.100E+01           0.632E-01
   5           0.175E+03           0.156E-01           0.156E-01           0.100E+01           0.598E-01
   6           0.225E+03           0.147E-01           0.147E-01           0.100E+01           0.445E-01
   7           0.301E+03           0.133E-01           0.133E-01           0.100E+01           0.415E-01
   8           0.381E+03           0.111E-01           0.111E-01           0.100E+01           0.353E-01
   9           0.571E+03           0.897E-02           0.897E-02           0.100E+01           0.310E-01
  10           0.625E+03           0.830E-02           0.830E-02           0.100E+01           0.295E-01
  11           0.729E+03           0.678E-02           0.678E-02           0.100E+01           0.278E-01
  12           0.907E+03           0.575E-02           0.575E-02           0.100E+01           0.274E-01
  13           0.109E+04           0.524E-02           0.524E-02           0.100E+01           0.240E-01
  14           0.125E+04           0.478E-02           0.478E-02           0.100E+01           0.239E-01
  15           0.131E+04           0.406E-02           0.406E-02           0.100E+01           0.231E-01
  16           0.167E+04           0.377E-02           0.377E-02           0.100E+01           0.205E-01
  17           0.186E+04           0.331E-02           0.331E-02           0.100E+01           0.198E-01
  18           0.208E+04           0.294E-02           0.294E-02           0.100E+01           0.189E-01
  19           0.218E+04           0.270E-02           0.270E-02           0.100E+01           0.181E-01
  20           0.252E+04           0.246E-02           0.246E-02           0.100E+01           0.169E-01
  21           0.286E+04           0.216E-02           0.216E-02           0.100E+01           0.164E-01
  22           0.299E+04           0.197E-02           0.197E-02           0.100E+01           0.157E-01
  23           0.330E+04           0.184E-02           0.184E-02           0.100E+01           0.152E-01
  24           0.356E+04           0.167E-02           0.167E-02           0.100E+01           0.149E-01
  25           0.402E+04           0.153E-02           0.153E-02           0.100E+01           0.141E-01
  26           0.430E+04           0.139E-02           0.139E-02           0.100E+01           0.137E-01
  27           0.453E+04           0.129E-02           0.129E-02           0.100E+01           0.135E-01
  28           0.498E+04           0.118E-02           0.118E-02           0.100E+01           0.134E-01
  29           0.528E+04           0.110E-02           0.110E-02           0.100E+01           0.129E-01
  30           0.561E+04           0.104E-02           0.104E-02           0.100E+01           0.124E-01
  31           0.607E+04           0.965E-03           0.965E-03           0.100E+01           0.117E-01
  32           0.630E+04           0.902E-03           0.903E-03           0.100E+01           0.113E-01
  33           0.690E+04           0.842E-03           0.842E-03           0.100E+01           0.109E-01
  34           0.738E+04           0.790E-03           0.790E-03           0.100E+01           0.105E-01
  35           0.760E+04           0.736E-03           0.736E-03           0.100E+01           0.104E-01
  36           0.823E+04           0.695E-03           0.695E-03           0.100E+01           0.101E-01
  37           0.858E+04           0.678E-03           0.678E-03           0.100E+01           0.970E-02
  38           0.913E+04           0.633E-03           0.634E-03           0.100E+01           0.959E-02
  39           0.938E+04           0.605E-03           0.606E-03           0.100E+01           0.946E-02
  40           0.101E+05           0.583E-03           0.584E-03           0.100E+01           0.918E-02
  41           0.107E+05           0.552E-03           0.553E-03           0.100E+01           0.883E-02
  42           0.110E+05           0.510E-03           0.511E-03           0.100E+01           0.892E-02
  43           0.117E+05           0.500E-03           0.501E-03           0.100E+01           0.843E-02
  44           0.120E+05           0.468E-03           0.469E-03           0.100E+01           0.828E-02
  45           0.130E+05           0.434E-03           0.435E-03           0.100E+01           0.816E-02
  46           0.131E+05           0.418E-03           0.419E-03           0.100E+01           0.800E-02
  47           0.138E+05           0.399E-03           0.400E-03           0.100E+01           0.773E-02
  48           0.145E+05           0.372E-03           0.373E-03           0.100E+01           0.769E-02
  49           0.152E+05           0.358E-03           0.359E-03           0.100E+01           0.749E-02
  50           0.159E+05           0.346E-03           0.347E-03           0.100E+01           0.731E-02
  51           0.161E+05           0.324E-03           0.325E-03           0.100E+01           0.737E-02
  52           0.171E+05           0.312E-03           0.313E-03           0.100E+01           0.717E-02
  53           0.177E+05           0.299E-03           0.300E-03           0.100E+01           0.705E-02
  54           0.182E+05           0.284E-03           0.285E-03           0.100E+01           0.702E-02
  55           0.188E+05           0.272E-03           0.273E-03           0.100E+01           0.681E-02
  56           0.196E+05           0.265E-03           0.266E-03           0.100E+01           0.668E-02
  57           0.207E+05           0.255E-03           0.256E-03           0.100E+01           0.651E-02
  58           0.210E+05           0.241E-03           0.242E-03           0.100E+01           0.652E-02
  59           0.217E+05           0.234E-03           0.235E-03           0.100E+01           0.642E-02
  60           0.229E+05           0.223E-03           0.224E-03           0.100E+01           0.626E-02
  61           0.233E+05           0.212E-03           0.213E-03           0.100E+01           0.629E-02
  62           0.243E+05           0.209E-03           0.210E-03           0.100E+01           0.612E-02
  63           0.244E+05           0.201E-03           0.203E-03           0.100E+01           0.611E-02
  64           0.258E+05           0.191E-03           0.192E-03           0.100E+01           0.593E-02
  66           0.690E+04           0.179E-03           0.179E-03           0.100E+01           0.114E-01
  68           0.738E+04           0.167E-03           0.167E-03           0.100E+01           0.110E-01
  70           0.760E+04           0.159E-03           0.159E-03           0.100E+01           0.107E-01
  72           0.823E+04           0.146E-03           0.146E-03           0.100E+01           0.104E-01
  74           0.858E+04           0.136E-03           0.136E-03           0.100E+01           0.101E-01
  76           0.913E+04           0.128E-03           0.129E-03           0.100E+01           0.992E-02
  78           0.938E+04           0.120E-03           0.121E-03           0.100E+01           0.964E-02
  80           0.101E+05           0.116E-03           0.116E-03           0.100E+01           0.943E-02
  82           0.107E+05           0.107E-03           0.107E-03           0.100E+01           0.908E-02
  84           0.110E+05           0.101E-03           0.102E-03           0.100E+01           0.895E-02
  86           0.117E+05           0.962E-04           0.963E-04           0.100E+01           0.862E-02
  88           0.120E+05           0.896E-04           0.898E-04           0.100E+01           0.861E-02
  90           0.130E+05           0.853E-04           0.854E-04           0.100E+01           0.827E-02
  92           0.131E+05           0.798E-04           0.800E-04           0.100E+01           0.817E-02
  94           0.138E+05           0.769E-04           0.770E-04           0.100E+01           0.816E-02
  96           0.145E+05           0.728E-04           0.730E-04           0.100E+01           0.777E-02
  98           0.152E+05           0.702E-04           0.704E-04           0.100E+01           0.773E-02
 100           0.159E+05           0.659E-04           0.661E-04           0.100E+01           0.751E-02
 102           0.161E+05           0.626E-04           0.628E-04           0.100E+01           0.749E-02
 104           0.171E+05           0.599E-04           0.601E-04           0.100E+01           0.726E-02
 106           0.177E+05           0.575E-04           0.577E-04           0.100E+01           0.722E-02
 108           0.182E+05           0.549E-04           0.551E-04           0.100E+01           0.702E-02
 110           0.188E+05           0.523E-04           0.525E-04           0.100E+01           0.687E-02
 112           0.196E+05           0.504E-04           0.506E-04           0.100E+01           0.683E-02
 114           0.207E+05           0.479E-04           0.481E-04           0.100E+01           0.662E-02
 116           0.210E+05           0.455E-04           0.457E-04           0.100E+01           0.663E-02
 118           0.217E+05           0.440E-04           0.442E-04           0.100E+01           0.653E-02
 120           0.229E+05           0.419E-04           0.421E-04           0.100E+01           0.641E-02
 122           0.233E+05           0.398E-04           0.400E-04           0.100E+01           0.638E-02
 124           0.243E+05           0.382E-04           0.384E-04           0.100E+01           0.627E-02
 126           0.244E+05           0.363E-04           0.366E-04           0.100E+01           0.616E-02
 128           0.258E+05           0.349E-04           0.351E-04           0.100E+01           0.606E-02
 132           0.690E+04           0.327E-04           0.327E-04           0.100E+01           0.120E-01
 136           0.738E+04           0.305E-04           0.305E-04           0.100E+01           0.112E-01
 140           0.760E+04           0.278E-04           0.278E-04           0.100E+01           0.112E-01
 144           0.823E+04           0.259E-04           0.259E-04           0.100E+01           0.107E-01
 148           0.858E+04           0.243E-04           0.243E-04           0.100E+01           0.105E-01
 152           0.913E+04           0.224E-04           0.224E-04           0.100E+01           0.100E-01
 156           0.938E+04           0.204E-04           0.204E-04           0.100E+01           0.994E-02
 160           0.101E+05           0.189E-04           0.189E-04           0.100E+01           0.966E-02
 164           0.107E+05           0.177E-04           0.177E-04           0.100E+01           0.956E-02
 168           0.110E+05           0.163E-04           0.164E-04           0.100E+01           0.958E-02
 172           0.117E+05           0.157E-04           0.157E-04           0.100E+01           0.915E-02
 176           0.120E+05           0.149E-04           0.149E-04           0.100E+01           0.885E-02
 180           0.130E+05           0.139E-04           0.139E-04           0.100E+01           0.862E-02
 184           0.131E+05           0.130E-04           0.131E-04           0.100E+01           0.857E-02
 188           0.138E+05           0.124E-04           0.124E-04           0.100E+01           0.847E-02
 192           0.145E+05           0.116E-04           0.116E-04           0.100E+01           0.821E-02
 196           0.152E+05           0.111E-04           0.111E-04           0.100E+01           0.794E-02
 200           0.159E+05           0.101E-04           0.102E-04           0.100E+01           0.785E-02
 204           0.161E+05           0.984E-05           0.986E-05           0.100E+01           0.786E-02
 208           0.171E+05           0.929E-05           0.932E-05           0.100E+01           0.759E-02
 212           0.177E+05           0.876E-05           0.879E-05           0.100E+01           0.759E-02
 216           0.182E+05           0.840E-05           0.843E-05           0.100E+01           0.736E-02
 220           0.188E+05           0.787E-05           0.790E-05           0.100E+01           0.725E-02
 224           0.196E+05           0.746E-05           0.749E-05           0.100E+01           0.721E-02
 228           0.207E+05           0.705E-05           0.708E-05           0.100E+01           0.699E-02
 232           0.210E+05           0.667E-05           0.670E-05           0.100E+01           0.693E-02
 236           0.217E+05           0.643E-05           0.646E-05           0.100E+01           0.679E-02
 240           0.229E+05           0.615E-05           0.618E-05           0.100E+01           0.654E-02
 244           0.233E+05           0.580E-05           0.583E-05           0.100E+01           0.649E-02
 248           0.243E+05           0.560E-05           0.563E-05           0.100E+01           0.644E-02
 252           0.244E+05           0.532E-05           0.535E-05           0.100E+01           0.636E-02
 256           0.258E+05           0.510E-05           0.513E-05           0.100E+01           0.621E-02
 264           0.690E+04           0.478E-05           0.478E-05           0.100E+01           0.121E-01
 272           0.738E+04           0.425E-05           0.425E-05           0.100E+01           0.115E-01
 280           0.760E+04           0.396E-05           0.396E-05           0.100E+01           0.115E-01
 288           0.823E+04           0.365E-05           0.365E-05           0.100E+01           0.111E-01
 296           0.858E+04           0.331E-05           0.331E-05           0.100E+01           0.109E-01
 304           0.913E+04           0.304E-05           0.304E-05           0.100E+01           0.104E-01
 312           0.938E+04           0.281E-05           0.281E-05           0.100E+01           0.104E-01
 320           0.101E+05           0.271E-05           0.271E-05           0.100E+01           0.984E-02
 328           0.107E+05           0.247E-05           0.247E-05           0.100E+01           0.983E-02
 336           0.110E+05           0.232E-05           0.232E-05           0.100E+01           0.958E-02
 344           0.117E+05           0.214E-05           0.214E-05           0.100E+01           0.913E-02
 352           0.120E+05           0.198E-05           0.198E-05           0.100E+01           0.921E-02
 360           0.130E+05           0.188E-05           0.189E-05           0.100E+01           0.874E-02
 368           0.131E+05           0.177E-05           0.178E-05           0.100E+01           0.877E-02
 376           0.138E+05           0.166E-05           0.166E-05           0.100E+01           0.858E-02
 384           0.145E+05           0.156E-05           0.156E-05           0.100E+01           0.827E-02
 392           0.152E+05           0.145E-05           0.146E-05           0.100E+01           0.818E-02
 400           0.159E+05           0.138E-05           0.139E-05           0.100E+01           0.798E-02
 408           0.161E+05           0.129E-05           0.130E-05           0.100E+01           0.793E-02
 416           0.171E+05           0.122E-05           0.123E-05           0.100E+01           0.760E-02
 424           0.177E+05           0.114E-05           0.114E-05           0.100E+01           0.759E-02
 432           0.182E+05           0.106E-05           0.107E-05           0.100E+01           0.734E-02
 440           0.188E+05           0.102E-05           0.103E-05           0.100E+01           0.732E-02
 448           0.196E+05           0.962E-06           0.966E-06           0.100E+01           0.723E-02
 456           0.207E+05           0.916E-06           0.920E-06           0.100E+01           0.692E-02
 464           0.210E+05           0.867E-06           0.871E-06           0.100E+01           0.690E-02
 472           0.217E+05           0.824E-06           0.828E-06           0.100E+01           0.679E-02
 480           0.229E+05           0.775E-06           0.779E-06           0.100E+01           0.661E-02
 488           0.233E+05           0.747E-06           0.751E-06           0.100E+01           0.654E-02
 496           0.243E+05           0.700E-06           0.704E-06           0.100E+01           0.642E-02
 504           0.244E+05           0.664E-06           0.668E-06           0.100E+01           0.652E-02
 512           0.258E+05           0.642E-06           0.646E-06           0.100E+01           0.635E-02
