   0           0.100E+01           0.100E+01           0.100E+01           0.100E+01           0.100E+01
   1           0.900E+01           0.942E-01           0.942E-01           0.100E+01           0.276E+00
   2           0.310E+02           0.385E-01           0.385E-01           0.100E+01           0.139E+00
   3           0.490E+02           0.303E-01           0.303E-01           0.100E+01           0.979E-01
   4           0.105E+03           0.222E-01           0.222E-01           0.100E+01           0.714E-01
   5           0.175E+03           0.185E-01           0.185E-01           0.100E+01           0.583E-01
   6           0.225E+03           0.172E-01           0.172E-01           0.100E+01           0.494E-01
   7           0.301E+03           0.152E-01           0.152E-01           0.100E+01           0.438E-01
   8           0.381E+03           0.129E-01           0.129E-01           0.100E+01           0.397E-01
   9           0.571E+03           0.119E-01           0.119E-01           0.100E+01           0.320E-01
  10           0.625E+03           0.935E-02           0.935E-02           0.100E+01           0.314E-01
  11           0.729E+03           0.810E-02           0.810E-02           0.100E+01           0.290E-01
  12           0.907E+03           0.730E-02           0.730E-02           0.100E+01           0.266E-01
  13           0.109E+04           0.611E-02           0.611E-02           0.100E+01           0.262E-01
  14           0.125E+04           0.554E-02           0.554E-02           0.100E+01           0.236E-01
  15           0.131E+04           0.500E-02           0.500E-02           0.100E+01           0.221E-01
  16           0.167E+04           0.438E-02           0.438E-02           0.100E+01           0.201E-01
  17           0.186E+04           0.406E-02           0.406E-02           0.100E+01           0.187E-01
  18           0.208E+04           0.357E-02           0.357E-02           0.100E+01           0.181E-01
  19           0.218E+04           0.317E-02           0.317E-02           0.100E+01           0.178E-01
  20           0.252E+04           0.291E-02           0.291E-02           0.100E+01           0.167E-01
  21           0.286E+04           0.268E-02           0.268E-02           0.100E+01           0.156E-01
  22           0.299E+04           0.239E-02           0.239E-02           0.100E+01           0.150E-01
  23           0.330E+04           0.221E-02           0.221E-02           0.100E+01           0.148E-01
  24           0.356E+04           0.202E-02           0.202E-02           0.100E+01           0.142E-01
  25           0.402E+04           0.181E-02           0.181E-02           0.100E+01           0.135E-01
  26           0.430E+04           0.164E-02           0.164E-02           0.100E+01           0.133E-01
  27           0.453E+04           0.147E-02           0.147E-02           0.100E+01           0.133E-01
  28           0.498E+04           0.137E-02           0.138E-02           0.100E+01           0.126E-01
  29           0.528E+04           0.128E-02           0.128E-02           0.100E+01           0.122E-01
  30           0.561E+04           0.116E-02           0.117E-02           0.100E+01           0.122E-01
  31           0.607E+04           0.110E-02           0.110E-02           0.100E+01           0.115E-01
  32           0.630E+04           0.102E-02           0.102E-02           0.100E+01           0.115E-01
  33           0.690E+04           0.939E-03           0.939E-03           0.100E+01           0.110E-01
  34           0.738E+04           0.874E-03           0.874E-03           0.100E+01           0.107E-01
  35           0.760E+04           0.806E-03           0.807E-03           0.100E+01           0.106E-01
  36           0.823E+04           0.754E-03           0.755E-03           0.100E+01           0.105E-01
  37           0.858E+04           0.732E-03           0.733E-03           0.100E+01           0.100E-01
  38           0.913E+04           0.684E-03           0.684E-03           0.100E+01           0.965E-02
  39           0.938E+04           0.645E-03           0.645E-03           0.100E+01           0.953E-02
  40           0.101E+05           0.610E-03           0.610E-03           0.100E+01           0.926E-02
  41           0.107E+05           0.569E-03           0.569E-03           0.100E+01           0.911E-02
  42           0.110E+05           0.535E-03           0.535E-03           0.100E+01           0.893E-02
  43           0.117E+05           0.507E-03           0.507E-03           0.100E+01           0.863E-02
  44           0.120E+05           0.482E-03           0.483E-03           0.100E+01           0.867E-02
  45           0.130E+05           0.454E-03           0.454E-03           0.100E+01           0.844E-02
  46           0.131E+05           0.437E-03           0.438E-03           0.100E+01           0.829E-02
  47           0.138E+05           0.409E-03           0.410E-03           0.100E+01           0.820E-02
  48           0.145E+05           0.392E-03           0.393E-03           0.100E+01           0.794E-02
  49           0.152E+05           0.376E-03           0.377E-03           0.100E+01           0.787E-02
  50           0.159E+05           0.361E-03           0.362E-03           0.100E+01           0.756E-02
  51           0.161E+05           0.347E-03           0.348E-03           0.100E+01           0.748E-02
  52           0.171E+05           0.332E-03           0.333E-03           0.100E+01           0.718E-02
  53           0.177E+05           0.315E-03           0.316E-03           0.100E+01           0.711E-02
  54           0.182E+05           0.306E-03           0.307E-03           0.100E+01           0.705E-02
  55           0.188E+05           0.291E-03           0.292E-03           0.100E+01           0.698E-02
  56           0.196E+05           0.285E-03           0.286E-03           0.100E+01           0.674E-02
  57           0.207E+05           0.273E-03           0.274E-03           0.100E+01           0.650E-02
  58           0.210E+05           0.261E-03           0.262E-03           0.100E+01           0.646E-02
  59           0.217E+05           0.251E-03           0.252E-03           0.100E+01           0.638E-02
  60           0.229E+05           0.244E-03           0.245E-03           0.100E+01           0.617E-02
  61           0.233E+05           0.234E-03           0.235E-03           0.100E+01           0.610E-02
  62           0.243E+05           0.230E-03           0.232E-03           0.100E+01           0.599E-02
  63           0.244E+05           0.220E-03           0.221E-03           0.100E+01           0.595E-02
  64           0.258E+05           0.212E-03           0.213E-03           0.100E+01           0.582E-02
  66           0.690E+04           0.198E-03           0.198E-03           0.100E+01           0.111E-01
  68           0.738E+04           0.187E-03           0.187E-03           0.100E+01           0.107E-01
  70           0.760E+04           0.172E-03           0.172E-03           0.100E+01           0.106E-01
  72           0.823E+04           0.161E-03           0.161E-03           0.100E+01           0.102E-01
  74           0.858E+04           0.153E-03           0.153E-03           0.100E+01           0.989E-02
  76           0.913E+04           0.138E-03           0.138E-03           0.100E+01           0.972E-02
  78           0.938E+04           0.132E-03           0.132E-03           0.100E+01           0.964E-02
  80           0.101E+05           0.120E-03           0.120E-03           0.100E+01           0.931E-02
  82           0.107E+05           0.114E-03           0.114E-03           0.100E+01           0.913E-02
  84           0.110E+05           0.107E-03           0.107E-03           0.100E+01           0.902E-02
  86           0.117E+05           0.100E-03           0.100E-03           0.100E+01           0.868E-02
  88           0.120E+05           0.963E-04           0.964E-04           0.100E+01           0.865E-02
  90           0.130E+05           0.894E-04           0.895E-04           0.100E+01           0.835E-02
  92           0.131E+05           0.833E-04           0.834E-04           0.100E+01           0.837E-02
  94           0.138E+05           0.793E-04           0.794E-04           0.100E+01           0.825E-02
  96           0.145E+05           0.749E-04           0.751E-04           0.100E+01           0.802E-02
  98           0.152E+05           0.703E-04           0.705E-04           0.100E+01           0.789E-02
 100           0.159E+05           0.669E-04           0.670E-04           0.100E+01           0.768E-02
 102           0.161E+05           0.636E-04           0.638E-04           0.100E+01           0.760E-02
 104           0.171E+05           0.596E-04           0.598E-04           0.100E+01           0.749E-02
 106           0.177E+05           0.568E-04           0.569E-04           0.100E+01           0.726E-02
 108           0.182E+05           0.545E-04           0.547E-04           0.100E+01           0.718E-02
 110           0.188E+05           0.518E-04           0.520E-04           0.100E+01           0.702E-02
 112           0.196E+05           0.488E-04           0.490E-04           0.100E+01           0.693E-02
 114           0.207E+05           0.463E-04           0.465E-04           0.100E+01           0.676E-02
 116           0.210E+05           0.450E-04           0.452E-04           0.100E+01           0.665E-02
 118           0.217E+05           0.429E-04           0.431E-04           0.100E+01           0.655E-02
 120           0.229E+05           0.408E-04           0.410E-04           0.100E+01           0.637E-02
 122           0.233E+05           0.390E-04           0.392E-04           0.100E+01           0.627E-02
 124           0.243E+05           0.371E-04           0.373E-04           0.100E+01           0.617E-02
 126           0.244E+05           0.353E-04           0.355E-04           0.100E+01           0.614E-02
 128           0.258E+05           0.340E-04           0.342E-04           0.100E+01           0.596E-02
 132           0.690E+04           0.316E-04           0.316E-04           0.100E+01           0.116E-01
 136           0.738E+04           0.289E-04           0.290E-04           0.100E+01           0.111E-01
 140           0.760E+04           0.269E-04           0.270E-04           0.100E+01           0.112E-01
 144           0.823E+04           0.249E-04           0.249E-04           0.100E+01           0.105E-01
 148           0.858E+04           0.230E-04           0.230E-04           0.100E+01           0.104E-01
 152           0.913E+04           0.211E-04           0.212E-04           0.100E+01           0.101E-01
 156           0.938E+04           0.197E-04           0.197E-04           0.100E+01           0.989E-02
 160           0.101E+05           0.184E-04           0.184E-04           0.100E+01           0.975E-02
 164           0.107E+05           0.170E-04           0.170E-04           0.100E+01           0.931E-02
 168           0.110E+05           0.158E-04           0.158E-04           0.100E+01           0.931E-02
 172           0.117E+05           0.151E-04           0.151E-04           0.100E+01           0.889E-02
 176           0.120E+05           0.140E-04           0.140E-04           0.100E+01           0.882E-02
 180           0.130E+05           0.134E-04           0.134E-04           0.100E+01           0.842E-02
 184           0.131E+05           0.125E-04           0.125E-04           0.100E+01           0.854E-02
 188           0.138E+05           0.119E-04           0.120E-04           0.100E+01           0.828E-02
 192           0.145E+05           0.112E-04           0.112E-04           0.100E+01           0.808E-02
 196           0.152E+05           0.107E-04           0.107E-04           0.100E+01           0.798E-02
 200           0.159E+05           0.994E-05           0.997E-05           0.100E+01           0.776E-02
 204           0.161E+05           0.940E-05           0.943E-05           0.100E+01           0.764E-02
 208           0.171E+05           0.901E-05           0.903E-05           0.100E+01           0.745E-02
 212           0.177E+05           0.837E-05           0.840E-05           0.100E+01           0.736E-02
 216           0.182E+05           0.804E-05           0.806E-05           0.100E+01           0.730E-02
 220           0.188E+05           0.753E-05           0.756E-05           0.100E+01           0.716E-02
 224           0.196E+05           0.716E-05           0.719E-05           0.100E+01           0.690E-02
 228           0.207E+05           0.686E-05           0.689E-05           0.100E+01           0.677E-02
 232           0.210E+05           0.647E-05           0.650E-05           0.100E+01           0.668E-02
 236           0.217E+05           0.624E-05           0.627E-05           0.100E+01           0.660E-02
 240           0.229E+05           0.601E-05           0.604E-05           0.100E+01           0.645E-02
 244           0.233E+05           0.571E-05           0.574E-05           0.100E+01           0.640E-02
 248           0.243E+05           0.540E-05           0.543E-05           0.100E+01           0.627E-02
 252           0.244E+05           0.518E-05           0.521E-05           0.100E+01           0.630E-02
 256           0.258E+05           0.496E-05           0.499E-05           0.100E+01           0.615E-02
 264           0.690E+04           0.461E-05           0.461E-05           0.100E+01           0.119E-01
 272           0.738E+04           0.426E-05           0.426E-05           0.100E+01           0.114E-01
 280           0.760E+04           0.386E-05           0.387E-05           0.100E+01           0.113E-01
 288           0.823E+04           0.350E-05           0.351E-05           0.100E+01           0.111E-01
 296           0.858E+04           0.332E-05           0.332E-05           0.100E+01           0.106E-01
 304           0.913E+04           0.312E-05           0.312E-05           0.100E+01           0.106E-01
 312           0.938E+04           0.279E-05           0.279E-05           0.100E+01           0.104E-01
 320           0.101E+05           0.268E-05           0.269E-05           0.100E+01           0.981E-02
 328           0.107E+05           0.248E-05           0.248E-05           0.100E+01           0.949E-02
 336           0.110E+05           0.227E-05           0.228E-05           0.100E+01           0.951E-02
 344           0.117E+05           0.214E-05           0.214E-05           0.100E+01           0.919E-02
 352           0.120E+05           0.202E-05           0.202E-05           0.100E+01           0.903E-02
 360           0.130E+05           0.188E-05           0.188E-05           0.100E+01           0.872E-02
 368           0.131E+05           0.179E-05           0.180E-05           0.100E+01           0.882E-02
 376           0.138E+05           0.163E-05           0.164E-05           0.100E+01           0.851E-02
 384           0.145E+05           0.156E-05           0.156E-05           0.100E+01           0.830E-02
 392           0.152E+05           0.148E-05           0.148E-05           0.100E+01           0.816E-02
 400           0.159E+05           0.139E-05           0.139E-05           0.100E+01           0.795E-02
 408           0.161E+05           0.132E-05           0.133E-05           0.100E+01           0.777E-02
 416           0.171E+05           0.125E-05           0.125E-05           0.100E+01           0.760E-02
 424           0.177E+05           0.117E-05           0.118E-05           0.100E+01           0.747E-02
 432           0.182E+05           0.112E-05           0.113E-05           0.100E+01           0.739E-02
 440           0.188E+05           0.107E-05           0.107E-05           0.100E+01           0.733E-02
 448           0.196E+05           0.101E-05           0.102E-05           0.100E+01           0.716E-02
 456           0.207E+05           0.963E-06           0.967E-06           0.100E+01           0.689E-02
 464           0.210E+05           0.917E-06           0.921E-06           0.100E+01           0.682E-02
 472           0.217E+05           0.879E-06           0.883E-06           0.100E+01           0.682E-02
 480           0.229E+05           0.837E-06           0.842E-06           0.100E+01           0.668E-02
 488           0.233E+05           0.788E-06           0.792E-06           0.100E+01           0.654E-02
 496           0.243E+05           0.752E-06           0.756E-06           0.100E+01           0.646E-02
 504           0.244E+05           0.710E-06           0.714E-06           0.100E+01           0.641E-02
 512           0.258E+05           0.689E-06           0.694E-06           0.100E+01           0.614E-02
