   0           0.100E+01           0.100E+01           0.100E+01           0.100E+01           0.100E+01
   1           0.900E+01           0.684E-02           0.684E-02           0.100E+01           0.250E+00
   2           0.310E+02           0.236E-02           0.236E-02           0.100E+01           0.139E+00
   3           0.490E+02           0.204E-02           0.204E-02           0.100E+01           0.155E+00
   4           0.105E+03           0.137E-02           0.137E-02           0.100E+01           0.972E-01
   5           0.175E+03           0.109E-02           0.109E-02           0.100E+01           0.756E-01
   6           0.225E+03           0.808E-03           0.808E-03           0.100E+01           0.604E-01
   7           0.301E+03           0.682E-03           0.682E-03           0.100E+01           0.560E-01
   8           0.381E+03           0.622E-03           0.622E-03           0.100E+01           0.490E-01
   9           0.571E+03           0.518E-03           0.518E-03           0.100E+01           0.405E-01
  10           0.625E+03           0.473E-03           0.473E-03           0.100E+01           0.373E-01
  11           0.729E+03           0.446E-03           0.446E-03           0.100E+01           0.369E-01
  12           0.907E+03           0.397E-03           0.397E-03           0.100E+01           0.332E-01
  13           0.109E+04           0.349E-03           0.349E-03           0.100E+01           0.298E-01
  14           0.125E+04           0.341E-03           0.341E-03           0.100E+01           0.275E-01
  15           0.131E+04           0.327E-03           0.327E-03           0.100E+01           0.269E-01
  16           0.167E+04           0.303E-03           0.303E-03           0.100E+01           0.243E-01
  17           0.186E+04           0.289E-03           0.289E-03           0.100E+01           0.232E-01
  18           0.208E+04           0.271E-03           0.271E-03           0.100E+01           0.210E-01
  19           0.218E+04           0.254E-03           0.254E-03           0.100E+01           0.208E-01
  20           0.252E+04           0.253E-03           0.253E-03           0.100E+01           0.192E-01
  21           0.286E+04           0.233E-03           0.233E-03           0.100E+01           0.183E-01
  22           0.299E+04           0.229E-03           0.229E-03           0.100E+01           0.175E-01
  23           0.330E+04           0.219E-03           0.219E-03           0.100E+01           0.169E-01
  24           0.356E+04           0.206E-03           0.206E-03           0.100E+01           0.162E-01
  25           0.402E+04           0.196E-03           0.196E-03           0.100E+01           0.155E-01
  26           0.430E+04           0.195E-03           0.195E-03           0.100E+01           0.150E-01
  27           0.453E+04           0.183E-03           0.183E-03           0.100E+01           0.149E-01
  28           0.498E+04           0.177E-03           0.177E-03           0.100E+01           0.139E-01
  29           0.528E+04           0.166E-03           0.166E-03           0.100E+01           0.133E-01
  30           0.561E+04           0.160E-03           0.160E-03           0.100E+01           0.130E-01
  31           0.607E+04           0.150E-03           0.151E-03           0.100E+01           0.129E-01
  32           0.630E+04           0.145E-03           0.145E-03           0.100E+01           0.124E-01
  33           0.690E+04           0.141E-03           0.141E-03           0.100E+01           0.119E-01
  34           0.738E+04           0.132E-03           0.132E-03           0.100E+01           0.117E-01
  35           0.760E+04           0.129E-03           0.129E-03           0.100E+01           0.113E-01
  36           0.823E+04           0.124E-03           0.124E-03           0.100E+01           0.110E-01
  37           0.858E+04           0.119E-03           0.119E-03           0.100E+01           0.109E-01
  38           0.913E+04           0.116E-03           0.116E-03           0.100E+01           0.103E-01
  39           0.938E+04           0.111E-03           0.112E-03           0.100E+01           0.104E-01
  40           0.101E+05           0.106E-03           0.106E-03           0.100E+01           0.978E-02
  41           0.107E+05           0.102E-03           0.103E-03           0.100E+01           0.975E-02
  42           0.110E+05           0.987E-04           0.989E-04           0.100E+01           0.939E-02
  43           0.117E+05           0.969E-04           0.971E-04           0.100E+01           0.912E-02
  44           0.120E+05           0.913E-04           0.914E-04           0.100E+01           0.904E-02
  45           0.130E+05           0.876E-04           0.878E-04           0.100E+01           0.866E-02
  46           0.131E+05           0.863E-04           0.864E-04           0.100E+01           0.855E-02
  47           0.138E+05           0.831E-04           0.833E-04           0.100E+01           0.842E-02
  48           0.145E+05           0.799E-04           0.801E-04           0.100E+01           0.824E-02
  49           0.152E+05           0.785E-04           0.787E-04           0.100E+01           0.811E-02
  50           0.159E+05           0.744E-04           0.746E-04           0.100E+01           0.790E-02
  51           0.161E+05           0.727E-04           0.729E-04           0.100E+01           0.784E-02
  52           0.171E+05           0.700E-04           0.702E-04           0.100E+01           0.753E-02
  53           0.177E+05           0.676E-04           0.679E-04           0.100E+01           0.745E-02
  54           0.182E+05           0.653E-04           0.655E-04           0.100E+01           0.741E-02
  55           0.188E+05           0.634E-04           0.637E-04           0.100E+01           0.725E-02
  56           0.196E+05           0.613E-04           0.616E-04           0.100E+01           0.709E-02
  57           0.207E+05           0.601E-04           0.603E-04           0.100E+01           0.692E-02
  58           0.210E+05           0.581E-04           0.584E-04           0.100E+01           0.691E-02
  59           0.217E+05           0.562E-04           0.565E-04           0.100E+01           0.673E-02
  60           0.229E+05           0.550E-04           0.553E-04           0.100E+01           0.661E-02
  61           0.233E+05           0.535E-04           0.538E-04           0.100E+01           0.645E-02
  62           0.243E+05           0.523E-04           0.526E-04           0.100E+01           0.641E-02
  63           0.244E+05           0.506E-04           0.509E-04           0.100E+01           0.630E-02
  64           0.258E+05           0.494E-04           0.497E-04           0.100E+01           0.621E-02
  66           0.690E+04           0.479E-04           0.479E-04           0.100E+01           0.120E-01
  68           0.738E+04           0.453E-04           0.454E-04           0.100E+01           0.113E-01
  70           0.760E+04           0.422E-04           0.422E-04           0.100E+01           0.114E-01
  72           0.823E+04           0.396E-04           0.397E-04           0.100E+01           0.110E-01
  74           0.858E+04           0.379E-04           0.379E-04           0.100E+01           0.109E-01
  76           0.913E+04           0.367E-04           0.367E-04           0.100E+01           0.105E-01
  78           0.938E+04           0.347E-04           0.347E-04           0.100E+01           0.103E-01
  80           0.101E+05           0.339E-04           0.340E-04           0.100E+01           0.996E-02
  82           0.107E+05           0.323E-04           0.324E-04           0.100E+01           0.967E-02
  84           0.110E+05           0.309E-04           0.310E-04           0.100E+01           0.949E-02
  86           0.117E+05           0.291E-04           0.291E-04           0.100E+01           0.919E-02
  88           0.120E+05           0.278E-04           0.278E-04           0.100E+01           0.909E-02
  90           0.130E+05           0.270E-04           0.271E-04           0.100E+01           0.875E-02
  92           0.131E+05           0.259E-04           0.260E-04           0.100E+01           0.871E-02
  94           0.138E+05           0.248E-04           0.249E-04           0.100E+01           0.865E-02
  96           0.145E+05           0.239E-04           0.240E-04           0.100E+01           0.820E-02
  98           0.152E+05           0.230E-04           0.231E-04           0.100E+01           0.825E-02
 100           0.159E+05           0.221E-04           0.222E-04           0.100E+01           0.790E-02
 102           0.161E+05           0.212E-04           0.212E-04           0.100E+01           0.795E-02
 104           0.171E+05           0.205E-04           0.206E-04           0.100E+01           0.767E-02
 106           0.177E+05           0.198E-04           0.199E-04           0.100E+01           0.744E-02
 108           0.182E+05           0.191E-04           0.191E-04           0.100E+01           0.730E-02
 110           0.188E+05           0.185E-04           0.185E-04           0.100E+01           0.728E-02
 112           0.196E+05           0.178E-04           0.179E-04           0.100E+01           0.720E-02
 114           0.207E+05           0.173E-04           0.174E-04           0.100E+01           0.690E-02
 116           0.210E+05           0.167E-04           0.168E-04           0.100E+01           0.688E-02
 118           0.217E+05           0.163E-04           0.164E-04           0.100E+01           0.672E-02
 120           0.229E+05           0.158E-04           0.159E-04           0.100E+01           0.655E-02
 122           0.233E+05           0.151E-04           0.151E-04           0.100E+01           0.651E-02
 124           0.243E+05           0.145E-04           0.146E-04           0.100E+01           0.641E-02
 126           0.244E+05           0.143E-04           0.144E-04           0.100E+01           0.642E-02
 128           0.258E+05           0.138E-04           0.139E-04           0.100E+01           0.621E-02
 132           0.690E+04           0.131E-04           0.131E-04           0.100E+01           0.121E-01
 136           0.738E+04           0.122E-04           0.122E-04           0.100E+01           0.117E-01
 140           0.760E+04           0.116E-04           0.117E-04           0.100E+01           0.114E-01
 144           0.823E+04           0.109E-04           0.109E-04           0.100E+01           0.110E-01
 148           0.858E+04           0.104E-04           0.104E-04           0.100E+01           0.108E-01
 152           0.913E+04           0.982E-05           0.983E-05           0.100E+01           0.106E-01
 156           0.938E+04           0.950E-05           0.951E-05           0.100E+01           0.103E-01
 160           0.101E+05           0.892E-05           0.893E-05           0.100E+01           0.996E-02
 164           0.107E+05           0.852E-05           0.853E-05           0.100E+01           0.963E-02
 168           0.110E+05           0.799E-05           0.800E-05           0.100E+01           0.946E-02
 172           0.117E+05           0.765E-05           0.766E-05           0.100E+01           0.929E-02
 176           0.120E+05           0.734E-05           0.736E-05           0.100E+01           0.914E-02
 180           0.130E+05           0.698E-05           0.699E-05           0.100E+01           0.873E-02
 184           0.131E+05           0.676E-05           0.678E-05           0.100E+01           0.885E-02
 188           0.138E+05           0.647E-05           0.648E-05           0.100E+01           0.864E-02
 192           0.145E+05           0.618E-05           0.620E-05           0.100E+01           0.824E-02
 196           0.152E+05           0.593E-05           0.594E-05           0.100E+01           0.806E-02
 200           0.159E+05           0.557E-05           0.558E-05           0.100E+01           0.785E-02
 204           0.161E+05           0.531E-05           0.532E-05           0.100E+01           0.783E-02
 208           0.171E+05           0.513E-05           0.514E-05           0.100E+01           0.761E-02
 212           0.177E+05           0.498E-05           0.500E-05           0.100E+01           0.746E-02
 216           0.182E+05           0.483E-05           0.485E-05           0.100E+01           0.751E-02
 220           0.188E+05           0.458E-05           0.460E-05           0.100E+01           0.735E-02
 224           0.196E+05           0.444E-05           0.446E-05           0.100E+01           0.720E-02
 228           0.207E+05           0.428E-05           0.429E-05           0.100E+01           0.693E-02
 232           0.210E+05           0.415E-05           0.417E-05           0.100E+01           0.695E-02
 236           0.217E+05           0.401E-05           0.402E-05           0.100E+01           0.676E-02
 240           0.229E+05           0.383E-05           0.385E-05           0.100E+01           0.651E-02
 244           0.233E+05           0.367E-05           0.369E-05           0.100E+01           0.655E-02
 248           0.243E+05           0.352E-05           0.354E-05           0.100E+01           0.642E-02
 252           0.244E+05           0.347E-05           0.349E-05           0.100E+01           0.644E-02
 256           0.258E+05           0.330E-05           0.332E-05           0.100E+01           0.619E-02
 264           0.690E+04           0.302E-05           0.302E-05           0.100E+01           0.119E-01
 272           0.738E+04           0.297E-05           0.297E-05           0.100E+01           0.118E-01
 280           0.760E+04           0.276E-05           0.277E-05           0.100E+01           0.112E-01
 288           0.823E+04           0.256E-05           0.256E-05           0.100E+01           0.109E-01
 296           0.858E+04           0.242E-05           0.242E-05           0.100E+01           0.107E-01
 304           0.913E+04           0.233E-05           0.233E-05           0.100E+01           0.104E-01
 312           0.938E+04           0.215E-05           0.215E-05           0.100E+01           0.103E-01
 320           0.101E+05           0.205E-05           0.206E-05           0.100E+01           0.991E-02
 328           0.107E+05           0.194E-05           0.194E-05           0.100E+01           0.963E-02
 336           0.110E+05           0.181E-05           0.181E-05           0.100E+01           0.967E-02
 344           0.117E+05           0.172E-05           0.173E-05           0.100E+01           0.938E-02
 352           0.120E+05           0.165E-05           0.166E-05           0.100E+01           0.913E-02
 360           0.130E+05           0.155E-05           0.156E-05           0.100E+01           0.887E-02
 368           0.131E+05           0.146E-05           0.146E-05           0.100E+01           0.869E-02
 376           0.138E+05           0.143E-05           0.143E-05           0.100E+01           0.847E-02
 384           0.145E+05           0.133E-05           0.133E-05           0.100E+01           0.836E-02
 392           0.152E+05           0.127E-05           0.127E-05           0.100E+01           0.810E-02
 400           0.159E+05           0.120E-05           0.120E-05           0.100E+01           0.798E-02
 408           0.161E+05           0.115E-05           0.116E-05           0.100E+01           0.783E-02
 416           0.171E+05           0.110E-05           0.110E-05           0.100E+01           0.765E-02
 424           0.177E+05           0.106E-05           0.106E-05           0.100E+01           0.753E-02
 432           0.182E+05           0.101E-05           0.102E-05           0.100E+01           0.741E-02
 440           0.188E+05           0.969E-06           0.973E-06           0.100E+01           0.739E-02
 448           0.196E+05           0.940E-06           0.944E-06           0.100E+01           0.713E-02
 456           0.207E+05           0.884E-06           0.888E-06           0.100E+01           0.692E-02
 464           0.210E+05           0.854E-06           0.858E-06           0.100E+01           0.690E-02
 472           0.217E+05           0.812E-06           0.816E-06           0.100E+01           0.685E-02
 480           0.229E+05           0.788E-06           0.792E-06           0.100E+01           0.659E-02
 488           0.233E+05           0.760E-06           0.764E-06           0.100E+01           0.649E-02
 496           0.243E+05           0.727E-06           0.731E-06           0.100E+01           0.643E-02
 504           0.244E+05           0.701E-06           0.705E-06           0.100E+01           0.642E-02
 512           0.258E+05           0.676E-06           0.680E-06           0.100E+01           0.628E-02
