   0           0.100E+01           0.100E+01           0.100E+01           0.100E+01           0.100E+01
   1           0.900E+01           0.338E+00           0.338E+00           0.100E+01           0.891E-01
   2           0.310E+02           0.238E+00           0.238E+00           0.100E+01           0.487E-01
   3           0.490E+02           0.201E+00           0.201E+00           0.100E+01           0.390E-01
   4           0.105E+03           0.168E+00           0.168E+00           0.100E+01           0.300E-01
   5           0.175E+03           0.131E+00           0.131E+00           0.100E+01           0.265E-01
   6           0.225E+03           0.105E+00           0.105E+00           0.100E+01           0.295E-01
   7           0.301E+03           0.829E-01           0.829E-01           0.100E+01           0.295E-01
   8           0.381E+03           0.654E-01           0.654E-01           0.100E+01           0.297E-01
   9           0.571E+03           0.516E-01           0.516E-01           0.100E+01           0.275E-01
  10           0.625E+03           0.400E-01           0.400E-01           0.100E+01           0.281E-01
  11           0.729E+03           0.329E-01           0.329E-01           0.100E+01           0.278E-01
  12           0.907E+03           0.273E-01           0.273E-01           0.100E+01           0.250E-01
  13           0.109E+04           0.229E-01           0.229E-01           0.100E+01           0.230E-01
  14           0.125E+04           0.197E-01           0.197E-01           0.100E+01           0.214E-01
  15           0.131E+04           0.172E-01           0.173E-01           0.100E+01           0.204E-01
  16           0.167E+04           0.154E-01           0.154E-01           0.100E+01           0.180E-01
  17           0.186E+04           0.137E-01           0.138E-01           0.100E+01           0.165E-01
  18           0.208E+04           0.126E-01           0.126E-01           0.100E+01           0.150E-01
  19           0.218E+04           0.115E-01           0.115E-01           0.100E+01           0.142E-01
  20           0.252E+04           0.105E-01           0.105E-01           0.100E+01           0.130E-01
  21           0.286E+04           0.977E-02           0.977E-02           0.100E+01           0.122E-01
  22           0.299E+04           0.884E-02           0.884E-02           0.100E+01           0.117E-01
  23           0.330E+04           0.827E-02           0.827E-02           0.100E+01           0.110E-01
  24           0.356E+04           0.764E-02           0.764E-02           0.100E+01           0.107E-01
  25           0.402E+04           0.704E-02           0.704E-02           0.100E+01           0.995E-02
  26           0.430E+04           0.665E-02           0.665E-02           0.100E+01           0.953E-02
  27           0.453E+04           0.615E-02           0.615E-02           0.100E+01           0.920E-02
  28           0.498E+04           0.582E-02           0.582E-02           0.100E+01           0.882E-02
  29           0.528E+04           0.542E-02           0.542E-02           0.100E+01           0.847E-02
  30           0.561E+04           0.510E-02           0.511E-02           0.100E+01           0.820E-02
  31           0.607E+04           0.484E-02           0.484E-02           0.100E+01           0.790E-02
  32           0.630E+04           0.454E-02           0.455E-02           0.100E+01           0.775E-02
  33           0.690E+04           0.432E-02           0.432E-02           0.100E+01           0.746E-02
  34           0.738E+04           0.406E-02           0.407E-02           0.100E+01           0.722E-02
  35           0.760E+04           0.384E-02           0.384E-02           0.100E+01           0.716E-02
  36           0.823E+04           0.365E-02           0.365E-02           0.100E+01           0.695E-02
  37           0.858E+04           0.344E-02           0.345E-02           0.100E+01           0.679E-02
  38           0.913E+04           0.328E-02           0.328E-02           0.100E+01           0.666E-02
  39           0.938E+04           0.310E-02           0.311E-02           0.100E+01           0.658E-02
  40           0.101E+05           0.296E-02           0.296E-02           0.100E+01           0.637E-02
  41           0.107E+05           0.280E-02           0.280E-02           0.100E+01           0.622E-02
  42           0.110E+05           0.265E-02           0.265E-02           0.100E+01           0.621E-02
  43           0.117E+05           0.252E-02           0.253E-02           0.100E+01           0.607E-02
  44           0.120E+05           0.239E-02           0.240E-02           0.100E+01           0.603E-02
  45           0.130E+05           0.229E-02           0.229E-02           0.100E+01           0.585E-02
  46           0.131E+05           0.218E-02           0.218E-02           0.100E+01           0.588E-02
  47           0.138E+05           0.207E-02           0.207E-02           0.100E+01           0.579E-02
  48           0.145E+05           0.198E-02           0.198E-02           0.100E+01           0.572E-02
  49           0.152E+05           0.187E-02           0.188E-02           0.100E+01           0.563E-02
  50           0.159E+05           0.179E-02           0.179E-02           0.100E+01           0.562E-02
  51           0.161E+05           0.171E-02           0.171E-02           0.100E+01           0.560E-02
  52           0.171E+05           0.163E-02           0.164E-02           0.100E+01           0.551E-02
  53           0.177E+05           0.155E-02           0.156E-02           0.100E+01           0.548E-02
  54           0.182E+05           0.148E-02           0.148E-02           0.100E+01           0.548E-02
  55           0.188E+05           0.142E-02           0.142E-02           0.100E+01           0.550E-02
  56           0.196E+05           0.135E-02           0.136E-02           0.100E+01           0.543E-02
  57           0.207E+05           0.130E-02           0.130E-02           0.100E+01           0.536E-02
  58           0.210E+05           0.124E-02           0.124E-02           0.100E+01           0.541E-02
  59           0.217E+05           0.118E-02           0.119E-02           0.100E+01           0.541E-02
  60           0.229E+05           0.113E-02           0.113E-02           0.100E+01           0.536E-02
  61           0.233E+05           0.108E-02           0.108E-02           0.100E+01           0.538E-02
  62           0.243E+05           0.104E-02           0.104E-02           0.100E+01           0.537E-02
  63           0.244E+05           0.993E-03           0.999E-03           0.100E+01           0.539E-02
  64           0.258E+05           0.953E-03           0.959E-03           0.100E+01           0.532E-02
  66           0.690E+04           0.883E-03           0.884E-03           0.100E+01           0.106E-01
  68           0.738E+04           0.807E-03           0.807E-03           0.100E+01           0.105E-01
  70           0.760E+04           0.743E-03           0.743E-03           0.100E+01           0.106E-01
  72           0.823E+04           0.691E-03           0.691E-03           0.100E+01           0.104E-01
  74           0.858E+04           0.636E-03           0.637E-03           0.100E+01           0.103E-01
  76           0.913E+04           0.597E-03           0.597E-03           0.100E+01           0.102E-01
  78           0.938E+04           0.550E-03           0.550E-03           0.100E+01           0.103E-01
  80           0.101E+05           0.514E-03           0.515E-03           0.100E+01           0.101E-01
  82           0.107E+05           0.480E-03           0.481E-03           0.100E+01           0.100E-01
  84           0.110E+05           0.446E-03           0.446E-03           0.100E+01           0.100E-01
  86           0.117E+05           0.418E-03           0.419E-03           0.100E+01           0.987E-02
  88           0.120E+05           0.391E-03           0.391E-03           0.100E+01           0.987E-02
  90           0.130E+05           0.368E-03           0.368E-03           0.100E+01           0.961E-02
  92           0.131E+05           0.341E-03           0.341E-03           0.100E+01           0.974E-02
  94           0.138E+05           0.320E-03           0.321E-03           0.100E+01           0.956E-02
  96           0.145E+05           0.301E-03           0.302E-03           0.100E+01           0.939E-02
  98           0.152E+05           0.281E-03           0.282E-03           0.100E+01           0.925E-02
 100           0.159E+05           0.265E-03           0.265E-03           0.100E+01           0.916E-02
 102           0.161E+05           0.248E-03           0.248E-03           0.100E+01           0.915E-02
 104           0.171E+05           0.232E-03           0.233E-03           0.100E+01           0.895E-02
 106           0.177E+05           0.217E-03           0.218E-03           0.100E+01           0.883E-02
 108           0.182E+05           0.206E-03           0.206E-03           0.100E+01           0.872E-02
 110           0.188E+05           0.196E-03           0.196E-03           0.100E+01           0.861E-02
 112           0.196E+05           0.184E-03           0.184E-03           0.100E+01           0.845E-02
 114           0.207E+05           0.176E-03           0.176E-03           0.100E+01           0.822E-02
 116           0.210E+05           0.166E-03           0.167E-03           0.100E+01           0.816E-02
 118           0.217E+05           0.158E-03           0.159E-03           0.100E+01           0.802E-02
 120           0.229E+05           0.151E-03           0.151E-03           0.100E+01           0.780E-02
 122           0.233E+05           0.143E-03           0.144E-03           0.100E+01           0.770E-02
 124           0.243E+05           0.136E-03           0.137E-03           0.100E+01           0.756E-02
 126           0.244E+05           0.129E-03           0.130E-03           0.100E+01           0.755E-02
 128           0.258E+05           0.123E-03           0.124E-03           0.100E+01           0.731E-02
 132           0.690E+04           0.113E-03           0.113E-03           0.100E+01           0.141E-01
 136           0.738E+04           0.102E-03           0.102E-03           0.100E+01           0.136E-01
 140           0.760E+04           0.924E-04           0.925E-04           0.100E+01           0.134E-01
 144           0.823E+04           0.851E-04           0.852E-04           0.100E+01           0.128E-01
 148           0.858E+04           0.770E-04           0.771E-04           0.100E+01           0.126E-01
 152           0.913E+04           0.712E-04           0.713E-04           0.100E+01           0.121E-01
 156           0.938E+04           0.645E-04           0.646E-04           0.100E+01           0.121E-01
 160           0.101E+05           0.598E-04           0.598E-04           0.100E+01           0.117E-01
 164           0.107E+05           0.543E-04           0.544E-04           0.100E+01           0.114E-01
 168           0.110E+05           0.498E-04           0.498E-04           0.100E+01           0.113E-01
 172           0.117E+05           0.455E-04           0.456E-04           0.100E+01           0.110E-01
 176           0.120E+05           0.415E-04           0.415E-04           0.100E+01           0.110E-01
 180           0.130E+05           0.386E-04           0.386E-04           0.100E+01           0.108E-01
 184           0.131E+05           0.350E-04           0.351E-04           0.100E+01           0.110E-01
 188           0.138E+05           0.321E-04           0.322E-04           0.100E+01           0.108E-01
 192           0.145E+05           0.296E-04           0.297E-04           0.100E+01           0.105E-01
 196           0.152E+05           0.271E-04           0.272E-04           0.100E+01           0.104E-01
 200           0.159E+05           0.254E-04           0.254E-04           0.100E+01           0.103E-01
 204           0.161E+05           0.233E-04           0.234E-04           0.100E+01           0.103E-01
 208           0.171E+05           0.219E-04           0.219E-04           0.100E+01           0.101E-01
 212           0.177E+05           0.201E-04           0.202E-04           0.100E+01           0.101E-01
 216           0.182E+05           0.187E-04           0.187E-04           0.100E+01           0.100E-01
 220           0.188E+05           0.173E-04           0.174E-04           0.100E+01           0.993E-02
 224           0.196E+05           0.160E-04           0.161E-04           0.100E+01           0.976E-02
 228           0.207E+05           0.150E-04           0.151E-04           0.100E+01           0.953E-02
 232           0.210E+05           0.139E-04           0.140E-04           0.100E+01           0.950E-02
 236           0.217E+05           0.131E-04           0.132E-04           0.100E+01           0.942E-02
 240           0.229E+05           0.122E-04           0.122E-04           0.100E+01           0.917E-02
 244           0.233E+05           0.113E-04           0.114E-04           0.100E+01           0.908E-02
 248           0.243E+05           0.106E-04           0.107E-04           0.100E+01           0.894E-02
 252           0.244E+05           0.996E-05           0.100E-04           0.100E+01           0.894E-02
 256           0.258E+05           0.930E-05           0.936E-05           0.100E+01           0.876E-02
 264           0.690E+04           0.838E-05           0.839E-05           0.100E+01           0.173E-01
 272           0.738E+04           0.728E-05           0.728E-05           0.100E+01           0.165E-01
 280           0.760E+04           0.651E-05           0.651E-05           0.100E+01           0.164E-01
 288           0.823E+04           0.585E-05           0.586E-05           0.100E+01           0.157E-01
 296           0.858E+04           0.528E-05           0.528E-05           0.100E+01           0.152E-01
 304           0.913E+04           0.472E-05           0.472E-05           0.100E+01           0.146E-01
 312           0.938E+04           0.425E-05           0.425E-05           0.100E+01           0.145E-01
 320           0.101E+05           0.388E-05           0.388E-05           0.100E+01           0.140E-01
 328           0.107E+05           0.343E-05           0.344E-05           0.100E+01           0.134E-01
 336           0.110E+05           0.311E-05           0.312E-05           0.100E+01           0.134E-01
 344           0.117E+05           0.285E-05           0.286E-05           0.100E+01           0.130E-01
 352           0.120E+05           0.256E-05           0.257E-05           0.100E+01           0.127E-01
 360           0.130E+05           0.236E-05           0.236E-05           0.100E+01           0.122E-01
 368           0.131E+05           0.216E-05           0.216E-05           0.100E+01           0.122E-01
 376           0.138E+05           0.197E-05           0.197E-05           0.100E+01           0.117E-01
 384           0.145E+05           0.180E-05           0.180E-05           0.100E+01           0.114E-01
 392           0.152E+05           0.166E-05           0.167E-05           0.100E+01           0.110E-01
 400           0.159E+05           0.155E-05           0.155E-05           0.100E+01           0.107E-01
 408           0.161E+05           0.141E-05           0.141E-05           0.100E+01           0.106E-01
 416           0.171E+05           0.131E-05           0.132E-05           0.100E+01           0.102E-01
 424           0.177E+05           0.123E-05           0.123E-05           0.100E+01           0.993E-02
 432           0.182E+05           0.113E-05           0.113E-05           0.100E+01           0.973E-02
 440           0.188E+05           0.104E-05           0.105E-05           0.100E+01           0.952E-02
 448           0.196E+05           0.976E-06           0.980E-06           0.100E+01           0.929E-02
 456           0.207E+05           0.916E-06           0.920E-06           0.100E+01           0.907E-02
 464           0.210E+05           0.861E-06           0.865E-06           0.100E+01           0.887E-02
 472           0.217E+05           0.811E-06           0.815E-06           0.100E+01           0.874E-02
 480           0.229E+05           0.754E-06           0.758E-06           0.100E+01           0.847E-02
 488           0.233E+05           0.717E-06           0.721E-06           0.100E+01           0.840E-02
 496           0.243E+05           0.677E-06           0.681E-06           0.100E+01           0.830E-02
 504           0.244E+05           0.638E-06           0.642E-06           0.100E+01           0.816E-02
 512           0.258E+05           0.601E-06           0.605E-06           0.100E+01           0.788E-02
