   0           0.100E+01           0.100E+01           0.100E+01           0.100E+01           0.100E+01
   1           0.900E+01           0.194E+00           0.194E+00           0.100E+01           0.146E+00
   2           0.310E+02           0.128E+00           0.128E+00           0.100E+01           0.572E-01
   3           0.490E+02           0.100E+00           0.100E+00           0.100E+01           0.439E-01
   4           0.105E+03           0.839E-01           0.839E-01           0.100E+01           0.322E-01
   5           0.175E+03           0.707E-01           0.707E-01           0.100E+01           0.251E-01
   6           0.225E+03           0.600E-01           0.600E-01           0.100E+01           0.232E-01
   7           0.301E+03           0.529E-01           0.529E-01           0.100E+01           0.212E-01
   8           0.381E+03           0.439E-01           0.439E-01           0.100E+01           0.201E-01
   9           0.571E+03           0.372E-01           0.372E-01           0.100E+01           0.177E-01
  10           0.625E+03           0.318E-01           0.318E-01           0.100E+01           0.177E-01
  11           0.729E+03           0.279E-01           0.279E-01           0.100E+01           0.170E-01
  12           0.907E+03           0.248E-01           0.248E-01           0.100E+01           0.152E-01
  13           0.109E+04           0.221E-01           0.221E-01           0.100E+01           0.143E-01
  14           0.125E+04           0.197E-01           0.197E-01           0.100E+01           0.141E-01
  15           0.131E+04           0.174E-01           0.174E-01           0.100E+01           0.144E-01
  16           0.167E+04           0.156E-01           0.156E-01           0.100E+01           0.135E-01
  17           0.186E+04           0.136E-01           0.136E-01           0.100E+01           0.136E-01
  18           0.208E+04           0.121E-01           0.121E-01           0.100E+01           0.137E-01
  19           0.218E+04           0.106E-01           0.106E-01           0.100E+01           0.145E-01
  20           0.252E+04           0.943E-02           0.944E-02           0.100E+01           0.143E-01
  21           0.286E+04           0.814E-02           0.814E-02           0.100E+01           0.143E-01
  22           0.299E+04           0.730E-02           0.730E-02           0.100E+01           0.145E-01
  23           0.330E+04           0.649E-02           0.649E-02           0.100E+01           0.145E-01
  24           0.356E+04           0.579E-02           0.580E-02           0.100E+01           0.145E-01
  25           0.402E+04           0.520E-02           0.520E-02           0.100E+01           0.143E-01
  26           0.430E+04           0.459E-02           0.459E-02           0.100E+01           0.142E-01
  27           0.453E+04           0.416E-02           0.416E-02           0.100E+01           0.142E-01
  28           0.498E+04           0.370E-02           0.370E-02           0.100E+01           0.140E-01
  29           0.528E+04           0.338E-02           0.338E-02           0.100E+01           0.137E-01
  30           0.561E+04           0.306E-02           0.306E-02           0.100E+01           0.137E-01
  31           0.607E+04           0.279E-02           0.279E-02           0.100E+01           0.133E-01
  32           0.630E+04           0.255E-02           0.255E-02           0.100E+01           0.133E-01
  33           0.690E+04           0.231E-02           0.231E-02           0.100E+01           0.128E-01
  34           0.738E+04           0.211E-02           0.211E-02           0.100E+01           0.125E-01
  35           0.760E+04           0.193E-02           0.193E-02           0.100E+01           0.122E-01
  36           0.823E+04           0.178E-02           0.179E-02           0.100E+01           0.119E-01
  37           0.858E+04           0.165E-02           0.165E-02           0.100E+01           0.115E-01
  38           0.913E+04           0.153E-02           0.153E-02           0.100E+01           0.113E-01
  39           0.938E+04           0.142E-02           0.142E-02           0.100E+01           0.110E-01
  40           0.101E+05           0.132E-02           0.132E-02           0.100E+01           0.104E-01
  41           0.107E+05           0.123E-02           0.124E-02           0.100E+01           0.993E-02
  42           0.110E+05           0.117E-02           0.117E-02           0.100E+01           0.958E-02
  43           0.117E+05           0.108E-02           0.108E-02           0.100E+01           0.932E-02
  44           0.120E+05           0.102E-02           0.102E-02           0.100E+01           0.907E-02
  45           0.130E+05           0.951E-03           0.953E-03           0.100E+01           0.874E-02
  46           0.131E+05           0.892E-03           0.893E-03           0.100E+01           0.861E-02
  47           0.138E+05           0.839E-03           0.840E-03           0.100E+01           0.833E-02
  48           0.145E+05           0.780E-03           0.781E-03           0.100E+01           0.813E-02
  49           0.152E+05           0.727E-03           0.729E-03           0.100E+01           0.798E-02
  50           0.159E+05           0.675E-03           0.677E-03           0.100E+01           0.789E-02
  51           0.161E+05           0.628E-03           0.630E-03           0.100E+01           0.797E-02
  52           0.171E+05           0.584E-03           0.586E-03           0.100E+01           0.776E-02
  53           0.177E+05           0.543E-03           0.545E-03           0.100E+01           0.767E-02
  54           0.182E+05           0.506E-03           0.508E-03           0.100E+01           0.767E-02
  55           0.188E+05           0.470E-03           0.472E-03           0.100E+01           0.759E-02
  56           0.196E+05           0.439E-03           0.441E-03           0.100E+01           0.750E-02
  57           0.207E+05           0.410E-03           0.412E-03           0.100E+01           0.735E-02
  58           0.210E+05           0.380E-03           0.382E-03           0.100E+01           0.746E-02
  59           0.217E+05           0.355E-03           0.356E-03           0.100E+01           0.728E-02
  60           0.229E+05           0.334E-03           0.336E-03           0.100E+01           0.721E-02
  61           0.233E+05           0.317E-03           0.319E-03           0.100E+01           0.711E-02
  62           0.243E+05           0.296E-03           0.297E-03           0.100E+01           0.701E-02
  63           0.244E+05           0.281E-03           0.283E-03           0.100E+01           0.706E-02
  64           0.258E+05           0.264E-03           0.266E-03           0.100E+01           0.688E-02
  66           0.690E+04           0.238E-03           0.239E-03           0.100E+01           0.135E-01
  68           0.738E+04           0.217E-03           0.217E-03           0.100E+01           0.131E-01
  70           0.760E+04           0.196E-03           0.197E-03           0.100E+01           0.132E-01
  72           0.823E+04           0.181E-03           0.181E-03           0.100E+01           0.126E-01
  74           0.858E+04           0.164E-03           0.164E-03           0.100E+01           0.126E-01
  76           0.913E+04           0.154E-03           0.154E-03           0.100E+01           0.120E-01
  78           0.938E+04           0.140E-03           0.140E-03           0.100E+01           0.119E-01
  80           0.101E+05           0.129E-03           0.129E-03           0.100E+01           0.116E-01
  82           0.107E+05           0.122E-03           0.122E-03           0.100E+01           0.112E-01
  84           0.110E+05           0.114E-03           0.114E-03           0.100E+01           0.110E-01
  86           0.117E+05           0.105E-03           0.105E-03           0.100E+01           0.106E-01
  88           0.120E+05           0.100E-03           0.101E-03           0.100E+01           0.104E-01
  90           0.130E+05           0.933E-04           0.934E-04           0.100E+01           0.100E-01
  92           0.131E+05           0.875E-04           0.877E-04           0.100E+01           0.988E-02
  94           0.138E+05           0.836E-04           0.838E-04           0.100E+01           0.937E-02
  96           0.145E+05           0.789E-04           0.791E-04           0.100E+01           0.897E-02
  98           0.152E+05           0.751E-04           0.753E-04           0.100E+01           0.856E-02
 100           0.159E+05           0.725E-04           0.727E-04           0.100E+01           0.821E-02
 102           0.161E+05           0.687E-04           0.688E-04           0.100E+01           0.804E-02
 104           0.171E+05           0.650E-04           0.652E-04           0.100E+01           0.767E-02
 106           0.177E+05           0.610E-04           0.612E-04           0.100E+01           0.753E-02
 108           0.182E+05           0.577E-04           0.579E-04           0.100E+01           0.740E-02
 110           0.188E+05           0.541E-04           0.543E-04           0.100E+01           0.736E-02
 112           0.196E+05           0.505E-04           0.507E-04           0.100E+01           0.718E-02
 114           0.207E+05           0.483E-04           0.485E-04           0.100E+01           0.698E-02
 116           0.210E+05           0.454E-04           0.456E-04           0.100E+01           0.701E-02
 118           0.217E+05           0.429E-04           0.431E-04           0.100E+01           0.695E-02
 120           0.229E+05           0.407E-04           0.409E-04           0.100E+01           0.688E-02
 122           0.233E+05           0.383E-04           0.385E-04           0.100E+01           0.685E-02
 124           0.243E+05           0.365E-04           0.367E-04           0.100E+01           0.677E-02
 126           0.244E+05           0.345E-04           0.347E-04           0.100E+01           0.681E-02
 128           0.258E+05           0.327E-04           0.329E-04           0.100E+01           0.665E-02
 132           0.690E+04           0.298E-04           0.298E-04           0.100E+01           0.128E-01
 136           0.738E+04           0.273E-04           0.274E-04           0.100E+01           0.124E-01
 140           0.760E+04           0.256E-04           0.256E-04           0.100E+01           0.119E-01
 144           0.823E+04           0.242E-04           0.242E-04           0.100E+01           0.116E-01
 148           0.858E+04           0.222E-04           0.222E-04           0.100E+01           0.112E-01
 152           0.913E+04           0.205E-04           0.205E-04           0.100E+01           0.110E-01
 156           0.938E+04           0.189E-04           0.189E-04           0.100E+01           0.111E-01
 160           0.101E+05           0.175E-04           0.175E-04           0.100E+01           0.107E-01
 164           0.107E+05           0.161E-04           0.161E-04           0.100E+01           0.103E-01
 168           0.110E+05           0.147E-04           0.147E-04           0.100E+01           0.101E-01
 172           0.117E+05           0.139E-04           0.139E-04           0.100E+01           0.967E-02
 176           0.120E+05           0.129E-04           0.130E-04           0.100E+01           0.972E-02
 180           0.130E+05           0.120E-04           0.120E-04           0.100E+01           0.931E-02
 184           0.131E+05           0.113E-04           0.113E-04           0.100E+01           0.935E-02
 188           0.138E+05           0.105E-04           0.106E-04           0.100E+01           0.893E-02
 192           0.145E+05           0.100E-04           0.100E-04           0.100E+01           0.865E-02
 196           0.152E+05           0.943E-05           0.946E-05           0.100E+01           0.848E-02
 200           0.159E+05           0.888E-05           0.890E-05           0.100E+01           0.819E-02
 204           0.161E+05           0.833E-05           0.836E-05           0.100E+01           0.820E-02
 208           0.171E+05           0.794E-05           0.796E-05           0.100E+01           0.782E-02
 212           0.177E+05           0.741E-05           0.743E-05           0.100E+01           0.776E-02
 216           0.182E+05           0.705E-05           0.707E-05           0.100E+01           0.753E-02
 220           0.188E+05           0.667E-05           0.670E-05           0.100E+01           0.738E-02
 224           0.196E+05           0.628E-05           0.630E-05           0.100E+01           0.724E-02
 228           0.207E+05           0.599E-05           0.602E-05           0.100E+01           0.716E-02
 232           0.210E+05           0.557E-05           0.559E-05           0.100E+01           0.711E-02
 236           0.217E+05           0.529E-05           0.532E-05           0.100E+01           0.703E-02
 240           0.229E+05           0.501E-05           0.504E-05           0.100E+01           0.693E-02
 244           0.233E+05           0.482E-05           0.485E-05           0.100E+01           0.678E-02
 248           0.243E+05           0.461E-05           0.463E-05           0.100E+01           0.663E-02
 252           0.244E+05           0.439E-05           0.441E-05           0.100E+01           0.648E-02
 256           0.258E+05           0.416E-05           0.418E-05           0.100E+01           0.641E-02
 264           0.690E+04           0.383E-05           0.383E-05           0.100E+01           0.120E-01
 272           0.738E+04           0.346E-05           0.346E-05           0.100E+01           0.119E-01
 280           0.760E+04           0.323E-05           0.323E-05           0.100E+01           0.113E-01
 288           0.823E+04           0.297E-05           0.297E-05           0.100E+01           0.110E-01
 296           0.858E+04           0.269E-05           0.269E-05           0.100E+01           0.109E-01
 304           0.913E+04           0.255E-05           0.256E-05           0.100E+01           0.105E-01
 312           0.938E+04           0.237E-05           0.237E-05           0.100E+01           0.105E-01
 320           0.101E+05           0.215E-05           0.215E-05           0.100E+01           0.997E-02
 328           0.107E+05           0.203E-05           0.204E-05           0.100E+01           0.969E-02
 336           0.110E+05           0.189E-05           0.189E-05           0.100E+01           0.950E-02
 344           0.117E+05           0.179E-05           0.179E-05           0.100E+01           0.922E-02
 352           0.120E+05           0.163E-05           0.164E-05           0.100E+01           0.900E-02
 360           0.130E+05           0.153E-05           0.153E-05           0.100E+01           0.874E-02
 368           0.131E+05           0.141E-05           0.141E-05           0.100E+01           0.876E-02
 376           0.138E+05           0.133E-05           0.133E-05           0.100E+01           0.842E-02
 384           0.145E+05           0.124E-05           0.124E-05           0.100E+01           0.827E-02
 392           0.152E+05           0.117E-05           0.118E-05           0.100E+01           0.799E-02
 400           0.159E+05           0.111E-05           0.111E-05           0.100E+01           0.806E-02
 408           0.161E+05           0.105E-05           0.105E-05           0.100E+01           0.788E-02
 416           0.171E+05           0.100E-05           0.101E-05           0.100E+01           0.767E-02
 424           0.177E+05           0.943E-06           0.946E-06           0.100E+01           0.747E-02
 432           0.182E+05           0.895E-06           0.898E-06           0.100E+01           0.751E-02
 440           0.188E+05           0.829E-06           0.832E-06           0.100E+01           0.727E-02
 448           0.196E+05           0.780E-06           0.783E-06           0.100E+01           0.708E-02
 456           0.207E+05           0.736E-06           0.740E-06           0.100E+01           0.698E-02
 464           0.210E+05           0.714E-06           0.717E-06           0.100E+01           0.687E-02
 472           0.217E+05           0.668E-06           0.671E-06           0.100E+01           0.682E-02
 480           0.229E+05           0.634E-06           0.637E-06           0.100E+01           0.661E-02
 488           0.233E+05           0.612E-06           0.615E-06           0.100E+01           0.648E-02
 496           0.243E+05           0.588E-06           0.591E-06           0.100E+01           0.639E-02
 504           0.244E+05           0.554E-06           0.557E-06           0.100E+01           0.637E-02
 512           0.258E+05           0.527E-06           0.531E-06           0.100E+01           0.627E-02
