   0           0.100E+01           0.100E+01           0.100E+01           0.100E+01           0.100E+01
   1           0.900E+01           0.147E+00           0.147E+00           0.100E+01           0.213E+00
   2           0.310E+02           0.794E-01           0.794E-01           0.100E+01           0.115E+00
   3           0.490E+02           0.606E-01           0.606E-01           0.100E+01           0.763E-01
   4           0.105E+03           0.496E-01           0.496E-01           0.100E+01           0.492E-01
   5           0.175E+03           0.402E-01           0.402E-01           0.100E+01           0.349E-01
   6           0.225E+03           0.309E-01           0.309E-01           0.100E+01           0.362E-01
   7           0.301E+03           0.247E-01           0.247E-01           0.100E+01           0.295E-01
   8           0.381E+03           0.198E-01           0.198E-01           0.100E+01           0.277E-01
   9           0.571E+03           0.165E-01           0.165E-01           0.100E+01           0.212E-01
  10           0.625E+03           0.130E-01           0.130E-01           0.100E+01           0.220E-01
  11           0.729E+03           0.115E-01           0.115E-01           0.100E+01           0.205E-01
  12           0.907E+03           0.102E-01           0.102E-01           0.100E+01           0.170E-01
  13           0.109E+04           0.929E-02           0.929E-02           0.100E+01           0.148E-01
  14           0.125E+04           0.834E-02           0.834E-02           0.100E+01           0.137E-01
  15           0.131E+04           0.745E-02           0.745E-02           0.100E+01           0.138E-01
  16           0.167E+04           0.689E-02           0.689E-02           0.100E+01           0.120E-01
  17           0.186E+04           0.615E-02           0.615E-02           0.100E+01           0.113E-01
  18           0.208E+04           0.555E-02           0.555E-02           0.100E+01           0.111E-01
  19           0.218E+04           0.486E-02           0.486E-02           0.100E+01           0.113E-01
  20           0.252E+04           0.438E-02           0.438E-02           0.100E+01           0.107E-01
  21           0.286E+04           0.392E-02           0.392E-02           0.100E+01           0.105E-01
  22           0.299E+04           0.342E-02           0.342E-02           0.100E+01           0.106E-01
  23           0.330E+04           0.305E-02           0.305E-02           0.100E+01           0.104E-01
  24           0.356E+04           0.270E-02           0.270E-02           0.100E+01           0.103E-01
  25           0.402E+04           0.253E-02           0.253E-02           0.100E+01           0.959E-02
  26           0.430E+04           0.227E-02           0.228E-02           0.100E+01           0.964E-02
  27           0.453E+04           0.207E-02           0.207E-02           0.100E+01           0.921E-02
  28           0.498E+04           0.192E-02           0.192E-02           0.100E+01           0.899E-02
  29           0.528E+04           0.179E-02           0.179E-02           0.100E+01           0.860E-02
  30           0.561E+04           0.168E-02           0.168E-02           0.100E+01           0.836E-02
  31           0.607E+04           0.155E-02           0.155E-02           0.100E+01           0.830E-02
  32           0.630E+04           0.146E-02           0.146E-02           0.100E+01           0.803E-02
  33           0.690E+04           0.136E-02           0.136E-02           0.100E+01           0.779E-02
  34           0.738E+04           0.127E-02           0.127E-02           0.100E+01           0.773E-02
  35           0.760E+04           0.117E-02           0.117E-02           0.100E+01           0.787E-02
  36           0.823E+04           0.109E-02           0.109E-02           0.100E+01           0.762E-02
  37           0.858E+04           0.103E-02           0.103E-02           0.100E+01           0.753E-02
  38           0.913E+04           0.966E-03           0.966E-03           0.100E+01           0.744E-02
  39           0.938E+04           0.895E-03           0.896E-03           0.100E+01           0.763E-02
  40           0.101E+05           0.836E-03           0.836E-03           0.100E+01           0.741E-02
  41           0.107E+05           0.790E-03           0.791E-03           0.100E+01           0.721E-02
  42           0.110E+05           0.740E-03           0.741E-03           0.100E+01           0.720E-02
  43           0.117E+05           0.700E-03           0.701E-03           0.100E+01           0.695E-02
  44           0.120E+05           0.663E-03           0.664E-03           0.100E+01           0.688E-02
  45           0.130E+05           0.625E-03           0.626E-03           0.100E+01           0.664E-02
  46           0.131E+05           0.590E-03           0.591E-03           0.100E+01           0.675E-02
  47           0.138E+05           0.557E-03           0.558E-03           0.100E+01           0.660E-02
  48           0.145E+05           0.532E-03           0.533E-03           0.100E+01           0.636E-02
  49           0.152E+05           0.506E-03           0.507E-03           0.100E+01           0.623E-02
  50           0.159E+05           0.481E-03           0.482E-03           0.100E+01           0.615E-02
  51           0.161E+05           0.454E-03           0.455E-03           0.100E+01           0.622E-02
  52           0.171E+05           0.432E-03           0.433E-03           0.100E+01           0.601E-02
  53           0.177E+05           0.414E-03           0.415E-03           0.100E+01           0.590E-02
  54           0.182E+05           0.395E-03           0.396E-03           0.100E+01           0.593E-02
  55           0.188E+05           0.375E-03           0.376E-03           0.100E+01           0.588E-02
  56           0.196E+05           0.360E-03           0.362E-03           0.100E+01           0.571E-02
  57           0.207E+05           0.343E-03           0.344E-03           0.100E+01           0.560E-02
  58           0.210E+05           0.327E-03           0.328E-03           0.100E+01           0.562E-02
  59           0.217E+05           0.312E-03           0.313E-03           0.100E+01           0.567E-02
  60           0.229E+05           0.298E-03           0.300E-03           0.100E+01           0.553E-02
  61           0.233E+05           0.286E-03           0.288E-03           0.100E+01           0.547E-02
  62           0.243E+05           0.273E-03           0.274E-03           0.100E+01           0.542E-02
  63           0.244E+05           0.260E-03           0.262E-03           0.100E+01           0.546E-02
  64           0.258E+05           0.248E-03           0.250E-03           0.100E+01           0.534E-02
  66           0.690E+04           0.230E-03           0.230E-03           0.100E+01           0.104E-01
  68           0.738E+04           0.209E-03           0.209E-03           0.100E+01           0.103E-01
  70           0.760E+04           0.188E-03           0.188E-03           0.100E+01           0.101E-01
  72           0.823E+04           0.172E-03           0.172E-03           0.100E+01           0.968E-02
  74           0.858E+04           0.159E-03           0.159E-03           0.100E+01           0.961E-02
  76           0.913E+04           0.147E-03           0.147E-03           0.100E+01           0.950E-02
  78           0.938E+04           0.133E-03           0.133E-03           0.100E+01           0.942E-02
  80           0.101E+05           0.122E-03           0.122E-03           0.100E+01           0.902E-02
  82           0.107E+05           0.115E-03           0.115E-03           0.100E+01           0.896E-02
  84           0.110E+05           0.108E-03           0.108E-03           0.100E+01           0.907E-02
  86           0.117E+05           0.998E-04           0.999E-04           0.100E+01           0.872E-02
  88           0.120E+05           0.916E-04           0.917E-04           0.100E+01           0.861E-02
  90           0.130E+05           0.858E-04           0.860E-04           0.100E+01           0.845E-02
  92           0.131E+05           0.807E-04           0.809E-04           0.100E+01           0.859E-02
  94           0.138E+05           0.750E-04           0.752E-04           0.100E+01           0.833E-02
  96           0.145E+05           0.688E-04           0.690E-04           0.100E+01           0.807E-02
  98           0.152E+05           0.648E-04           0.650E-04           0.100E+01           0.809E-02
 100           0.159E+05           0.611E-04           0.613E-04           0.100E+01           0.806E-02
 102           0.161E+05           0.568E-04           0.569E-04           0.100E+01           0.796E-02
 104           0.171E+05           0.525E-04           0.526E-04           0.100E+01           0.760E-02
 106           0.177E+05           0.497E-04           0.498E-04           0.100E+01           0.757E-02
 108           0.182E+05           0.472E-04           0.473E-04           0.100E+01           0.763E-02
 110           0.188E+05           0.444E-04           0.445E-04           0.100E+01           0.746E-02
 112           0.196E+05           0.410E-04           0.412E-04           0.100E+01           0.726E-02
 114           0.207E+05           0.384E-04           0.386E-04           0.100E+01           0.711E-02
 116           0.210E+05           0.362E-04           0.364E-04           0.100E+01           0.714E-02
 118           0.217E+05           0.343E-04           0.345E-04           0.100E+01           0.698E-02
 120           0.229E+05           0.321E-04           0.322E-04           0.100E+01           0.676E-02
 122           0.233E+05           0.304E-04           0.306E-04           0.100E+01           0.666E-02
 124           0.243E+05           0.288E-04           0.290E-04           0.100E+01           0.649E-02
 126           0.244E+05           0.273E-04           0.275E-04           0.100E+01           0.645E-02
 128           0.258E+05           0.260E-04           0.261E-04           0.100E+01           0.627E-02
 132           0.690E+04           0.236E-04           0.236E-04           0.100E+01           0.124E-01
 136           0.738E+04           0.215E-04           0.215E-04           0.100E+01           0.119E-01
 140           0.760E+04           0.195E-04           0.195E-04           0.100E+01           0.118E-01
 144           0.823E+04           0.180E-04           0.180E-04           0.100E+01           0.113E-01
 148           0.858E+04           0.162E-04           0.162E-04           0.100E+01           0.110E-01
 152           0.913E+04           0.147E-04           0.147E-04           0.100E+01           0.108E-01
 156           0.938E+04           0.134E-04           0.134E-04           0.100E+01           0.106E-01
 160           0.101E+05           0.120E-04           0.120E-04           0.100E+01           0.102E-01
 164           0.107E+05           0.110E-04           0.110E-04           0.100E+01           0.978E-02
 168           0.110E+05           0.102E-04           0.102E-04           0.100E+01           0.982E-02
 172           0.117E+05           0.928E-05           0.929E-05           0.100E+01           0.934E-02
 176           0.120E+05           0.855E-05           0.856E-05           0.100E+01           0.944E-02
 180           0.130E+05           0.785E-05           0.786E-05           0.100E+01           0.898E-02
 184           0.131E+05           0.734E-05           0.735E-05           0.100E+01           0.901E-02
 188           0.138E+05           0.678E-05           0.680E-05           0.100E+01           0.879E-02
 192           0.145E+05           0.642E-05           0.644E-05           0.100E+01           0.860E-02
 196           0.152E+05           0.591E-05           0.592E-05           0.100E+01           0.847E-02
 200           0.159E+05           0.555E-05           0.557E-05           0.100E+01           0.834E-02
 204           0.161E+05           0.517E-05           0.518E-05           0.100E+01           0.831E-02
 208           0.171E+05           0.477E-05           0.478E-05           0.100E+01           0.821E-02
 212           0.177E+05           0.441E-05           0.442E-05           0.100E+01           0.809E-02
 216           0.182E+05           0.407E-05           0.409E-05           0.100E+01           0.804E-02
 220           0.188E+05           0.380E-05           0.381E-05           0.100E+01           0.789E-02
 224           0.196E+05           0.362E-05           0.363E-05           0.100E+01           0.762E-02
 228           0.207E+05           0.340E-05           0.342E-05           0.100E+01           0.741E-02
 232           0.210E+05           0.319E-05           0.320E-05           0.100E+01           0.735E-02
 236           0.217E+05           0.298E-05           0.299E-05           0.100E+01           0.717E-02
 240           0.229E+05           0.284E-05           0.285E-05           0.100E+01           0.706E-02
 244           0.233E+05           0.265E-05           0.267E-05           0.100E+01           0.693E-02
 248           0.243E+05           0.254E-05           0.256E-05           0.100E+01           0.677E-02
 252           0.244E+05           0.243E-05           0.245E-05           0.100E+01           0.679E-02
 256           0.258E+05           0.228E-05           0.230E-05           0.100E+01           0.657E-02
 264           0.690E+04           0.206E-05           0.206E-05           0.100E+01           0.127E-01
 272           0.738E+04           0.187E-05           0.187E-05           0.100E+01           0.123E-01
 280           0.760E+04           0.169E-05           0.169E-05           0.100E+01           0.119E-01
 288           0.823E+04           0.154E-05           0.154E-05           0.100E+01           0.116E-01
 296           0.858E+04           0.138E-05           0.139E-05           0.100E+01           0.116E-01
 304           0.913E+04           0.128E-05           0.128E-05           0.100E+01           0.112E-01
 312           0.938E+04           0.116E-05           0.116E-05           0.100E+01           0.110E-01
 320           0.101E+05           0.105E-05           0.105E-05           0.100E+01           0.104E-01
 328           0.107E+05           0.962E-06           0.964E-06           0.100E+01           0.102E-01
 336           0.110E+05           0.880E-06           0.881E-06           0.100E+01           0.101E-01
 344           0.117E+05           0.794E-06           0.795E-06           0.100E+01           0.978E-02
 352           0.120E+05           0.730E-06           0.732E-06           0.100E+01           0.949E-02
 360           0.130E+05           0.682E-06           0.683E-06           0.100E+01           0.920E-02
 368           0.131E+05           0.626E-06           0.627E-06           0.100E+01           0.917E-02
 376           0.138E+05           0.590E-06           0.591E-06           0.100E+01           0.903E-02
 384           0.145E+05           0.542E-06           0.544E-06           0.100E+01           0.872E-02
 392           0.152E+05           0.504E-06           0.505E-06           0.100E+01           0.857E-02
 400           0.159E+05           0.475E-06           0.476E-06           0.100E+01           0.850E-02
 408           0.161E+05           0.440E-06           0.441E-06           0.100E+01           0.834E-02
 416           0.171E+05           0.417E-06           0.418E-06           0.100E+01           0.806E-02
 424           0.177E+05           0.387E-06           0.388E-06           0.100E+01           0.787E-02
 432           0.182E+05           0.368E-06           0.369E-06           0.100E+01           0.775E-02
 440           0.188E+05           0.345E-06           0.346E-06           0.100E+01           0.765E-02
 448           0.196E+05           0.327E-06           0.328E-06           0.100E+01           0.743E-02
 456           0.207E+05           0.310E-06           0.311E-06           0.100E+01           0.728E-02
 464           0.210E+05           0.293E-06           0.294E-06           0.100E+01           0.721E-02
 472           0.217E+05           0.279E-06           0.281E-06           0.100E+01           0.702E-02
 480           0.229E+05           0.267E-06           0.268E-06           0.100E+01           0.688E-02
 488           0.233E+05           0.252E-06           0.254E-06           0.100E+01           0.678E-02
 496           0.243E+05           0.241E-06           0.242E-06           0.100E+01           0.659E-02
 504           0.244E+05           0.228E-06           0.229E-06           0.100E+01           0.660E-02
 512           0.258E+05           0.221E-06           0.222E-06           0.100E+01           0.645E-02
