   0           0.100E+01           0.100E+01           0.100E+01           0.100E+01           0.100E+01
   1           0.900E+01           0.656E-01           0.656E-01           0.100E+01           0.175E+00
   2           0.310E+02           0.340E-01           0.340E-01           0.100E+01           0.158E+00
   3           0.490E+02           0.277E-01           0.277E-01           0.100E+01           0.111E+00
   4           0.105E+03           0.253E-01           0.253E-01           0.100E+01           0.675E-01
   5           0.175E+03           0.188E-01           0.188E-01           0.100E+01           0.623E-01
   6           0.225E+03           0.171E-01           0.171E-01           0.100E+01           0.489E-01
   7           0.301E+03           0.170E-01           0.170E-01           0.100E+01           0.433E-01
   8           0.381E+03           0.148E-01           0.148E-01           0.100E+01           0.365E-01
   9           0.571E+03           0.113E-01           0.113E-01           0.100E+01           0.335E-01
  10           0.625E+03           0.102E-01           0.102E-01           0.100E+01           0.313E-01
  11           0.729E+03           0.887E-02           0.887E-02           0.100E+01           0.285E-01
  12           0.907E+03           0.731E-02           0.731E-02           0.100E+01           0.282E-01
  13           0.109E+04           0.654E-02           0.654E-02           0.100E+01           0.243E-01
  14           0.125E+04           0.611E-02           0.611E-02           0.100E+01           0.224E-01
  15           0.131E+04           0.505E-02           0.505E-02           0.100E+01           0.227E-01
  16           0.167E+04           0.439E-02           0.439E-02           0.100E+01           0.199E-01
  17           0.186E+04           0.419E-02           0.419E-02           0.100E+01           0.194E-01
  18           0.208E+04           0.365E-02           0.365E-02           0.100E+01           0.184E-01
  19           0.218E+04           0.316E-02           0.316E-02           0.100E+01           0.187E-01
  20           0.252E+04           0.301E-02           0.301E-02           0.100E+01           0.169E-01
  21           0.286E+04           0.281E-02           0.281E-02           0.100E+01           0.158E-01
  22           0.299E+04           0.246E-02           0.246E-02           0.100E+01           0.159E-01
  23           0.330E+04           0.236E-02           0.236E-02           0.100E+01           0.149E-01
  24           0.356E+04           0.220E-02           0.220E-02           0.100E+01           0.143E-01
  25           0.402E+04           0.195E-02           0.195E-02           0.100E+01           0.141E-01
  26           0.430E+04           0.186E-02           0.186E-02           0.100E+01           0.134E-01
  27           0.453E+04           0.179E-02           0.179E-02           0.100E+01           0.132E-01
  28           0.498E+04           0.166E-02           0.166E-02           0.100E+01           0.124E-01
  29           0.528E+04           0.152E-02           0.152E-02           0.100E+01           0.122E-01
  30           0.561E+04           0.144E-02           0.144E-02           0.100E+01           0.117E-01
  31           0.607E+04           0.134E-02           0.134E-02           0.100E+01           0.115E-01
  32           0.630E+04           0.121E-02           0.121E-02           0.100E+01           0.113E-01
  33           0.690E+04           0.119E-02           0.119E-02           0.100E+01           0.107E-01
  34           0.738E+04           0.112E-02           0.112E-02           0.100E+01           0.105E-01
  35           0.760E+04           0.103E-02           0.103E-02           0.100E+01           0.104E-01
  36           0.823E+04           0.991E-03           0.992E-03           0.100E+01           0.101E-01
  37           0.858E+04           0.927E-03           0.928E-03           0.100E+01           0.972E-02
  38           0.913E+04           0.865E-03           0.866E-03           0.100E+01           0.971E-02
  39           0.938E+04           0.801E-03           0.802E-03           0.100E+01           0.932E-02
  40           0.101E+05           0.780E-03           0.781E-03           0.100E+01           0.926E-02
  41           0.107E+05           0.732E-03           0.733E-03           0.100E+01           0.895E-02
  42           0.110E+05           0.685E-03           0.686E-03           0.100E+01           0.889E-02
  43           0.117E+05           0.669E-03           0.670E-03           0.100E+01           0.863E-02
  44           0.120E+05           0.637E-03           0.638E-03           0.100E+01           0.847E-02
  45           0.130E+05           0.600E-03           0.601E-03           0.100E+01           0.826E-02
  46           0.131E+05           0.580E-03           0.581E-03           0.100E+01           0.816E-02
  47           0.138E+05           0.572E-03           0.573E-03           0.100E+01           0.800E-02
  48           0.145E+05           0.547E-03           0.548E-03           0.100E+01           0.778E-02
  49           0.152E+05           0.521E-03           0.522E-03           0.100E+01           0.757E-02
  50           0.159E+05           0.510E-03           0.511E-03           0.100E+01           0.751E-02
  51           0.161E+05           0.485E-03           0.486E-03           0.100E+01           0.748E-02
  52           0.171E+05           0.460E-03           0.462E-03           0.100E+01           0.729E-02
  53           0.177E+05           0.451E-03           0.453E-03           0.100E+01           0.720E-02
  54           0.182E+05           0.437E-03           0.438E-03           0.100E+01           0.703E-02
  55           0.188E+05           0.411E-03           0.413E-03           0.100E+01           0.710E-02
  56           0.196E+05           0.399E-03           0.401E-03           0.100E+01           0.686E-02
  57           0.207E+05           0.387E-03           0.389E-03           0.100E+01           0.663E-02
  58           0.210E+05           0.366E-03           0.367E-03           0.100E+01           0.667E-02
  59           0.217E+05           0.358E-03           0.360E-03           0.100E+01           0.654E-02
  60           0.229E+05           0.347E-03           0.349E-03           0.100E+01           0.635E-02
  61           0.233E+05           0.332E-03           0.333E-03           0.100E+01           0.638E-02
  62           0.243E+05           0.314E-03           0.316E-03           0.100E+01           0.629E-02
  63           0.244E+05           0.306E-03           0.308E-03           0.100E+01           0.616E-02
  64           0.258E+05           0.297E-03           0.299E-03           0.100E+01           0.607E-02
  66           0.690E+04           0.280E-03           0.281E-03           0.100E+01           0.118E-01
  68           0.738E+04           0.257E-03           0.257E-03           0.100E+01           0.117E-01
  70           0.760E+04           0.241E-03           0.241E-03           0.100E+01           0.113E-01
  72           0.823E+04           0.227E-03           0.227E-03           0.100E+01           0.108E-01
  74           0.858E+04           0.215E-03           0.215E-03           0.100E+01           0.107E-01
  76           0.913E+04           0.201E-03           0.201E-03           0.100E+01           0.104E-01
  78           0.938E+04           0.188E-03           0.188E-03           0.100E+01           0.103E-01
  80           0.101E+05           0.179E-03           0.179E-03           0.100E+01           0.990E-02
  82           0.107E+05           0.166E-03           0.166E-03           0.100E+01           0.962E-02
  84           0.110E+05           0.154E-03           0.154E-03           0.100E+01           0.943E-02
  86           0.117E+05           0.147E-03           0.148E-03           0.100E+01           0.932E-02
  88           0.120E+05           0.136E-03           0.136E-03           0.100E+01           0.919E-02
  90           0.130E+05           0.127E-03           0.128E-03           0.100E+01           0.877E-02
  92           0.131E+05           0.121E-03           0.121E-03           0.100E+01           0.867E-02
  94           0.138E+05           0.114E-03           0.114E-03           0.100E+01           0.857E-02
  96           0.145E+05           0.109E-03           0.109E-03           0.100E+01           0.833E-02
  98           0.152E+05           0.102E-03           0.103E-03           0.100E+01           0.801E-02
 100           0.159E+05           0.986E-04           0.989E-04           0.100E+01           0.801E-02
 102           0.161E+05           0.921E-04           0.924E-04           0.100E+01           0.790E-02
 104           0.171E+05           0.887E-04           0.890E-04           0.100E+01           0.757E-02
 106           0.177E+05           0.853E-04           0.856E-04           0.100E+01           0.749E-02
 108           0.182E+05           0.810E-04           0.813E-04           0.100E+01           0.753E-02
 110           0.188E+05           0.784E-04           0.787E-04           0.100E+01           0.735E-02
 112           0.196E+05           0.742E-04           0.745E-04           0.100E+01           0.720E-02
 114           0.207E+05           0.712E-04           0.715E-04           0.100E+01           0.692E-02
 116           0.210E+05           0.682E-04           0.685E-04           0.100E+01           0.686E-02
 118           0.217E+05           0.647E-04           0.651E-04           0.100E+01           0.686E-02
 120           0.229E+05           0.634E-04           0.638E-04           0.100E+01           0.664E-02
 122           0.233E+05           0.608E-04           0.611E-04           0.100E+01           0.664E-02
 124           0.243E+05           0.586E-04           0.589E-04           0.100E+01           0.647E-02
 126           0.244E+05           0.566E-04           0.569E-04           0.100E+01           0.644E-02
 128           0.258E+05           0.541E-04           0.544E-04           0.100E+01           0.632E-02
 132           0.690E+04           0.510E-04           0.511E-04           0.100E+01           0.124E-01
 136           0.738E+04           0.459E-04           0.459E-04           0.100E+01           0.117E-01
 140           0.760E+04           0.434E-04           0.435E-04           0.100E+01           0.117E-01
 144           0.823E+04           0.393E-04           0.393E-04           0.100E+01           0.113E-01
 148           0.858E+04           0.366E-04           0.366E-04           0.100E+01           0.108E-01
 152           0.913E+04           0.346E-04           0.347E-04           0.100E+01           0.106E-01
 156           0.938E+04           0.318E-04           0.318E-04           0.100E+01           0.105E-01
 160           0.101E+05           0.292E-04           0.293E-04           0.100E+01           0.102E-01
 164           0.107E+05           0.270E-04           0.270E-04           0.100E+01           0.952E-02
 168           0.110E+05           0.250E-04           0.251E-04           0.100E+01           0.973E-02
 172           0.117E+05           0.237E-04           0.238E-04           0.100E+01           0.942E-02
 176           0.120E+05           0.222E-04           0.222E-04           0.100E+01           0.903E-02
 180           0.130E+05           0.211E-04           0.211E-04           0.100E+01           0.903E-02
 184           0.131E+05           0.201E-04           0.202E-04           0.100E+01           0.887E-02
 188           0.138E+05           0.185E-04           0.186E-04           0.100E+01           0.883E-02
 192           0.145E+05           0.175E-04           0.176E-04           0.100E+01           0.829E-02
 196           0.152E+05           0.164E-04           0.165E-04           0.100E+01           0.820E-02
 200           0.159E+05           0.156E-04           0.156E-04           0.100E+01           0.806E-02
 204           0.161E+05           0.148E-04           0.148E-04           0.100E+01           0.800E-02
 208           0.171E+05           0.138E-04           0.138E-04           0.100E+01           0.770E-02
 212           0.177E+05           0.131E-04           0.132E-04           0.100E+01           0.759E-02
 216           0.182E+05           0.126E-04           0.126E-04           0.100E+01           0.744E-02
 220           0.188E+05           0.116E-04           0.116E-04           0.100E+01           0.735E-02
 224           0.196E+05           0.112E-04           0.113E-04           0.100E+01           0.720E-02
 228           0.207E+05           0.107E-04           0.107E-04           0.100E+01           0.699E-02
 232           0.210E+05           0.101E-04           0.101E-04           0.100E+01           0.695E-02
 236           0.217E+05           0.962E-05           0.967E-05           0.100E+01           0.677E-02
 240           0.229E+05           0.925E-05           0.930E-05           0.100E+01           0.675E-02
 244           0.233E+05           0.883E-05           0.888E-05           0.100E+01           0.666E-02
 248           0.243E+05           0.836E-05           0.840E-05           0.100E+01           0.661E-02
 252           0.244E+05           0.808E-05           0.813E-05           0.100E+01           0.660E-02
 256           0.258E+05           0.777E-05           0.782E-05           0.100E+01           0.642E-02
 264           0.690E+04           0.699E-05           0.699E-05           0.100E+01           0.122E-01
 272           0.738E+04           0.645E-05           0.645E-05           0.100E+01           0.119E-01
 280           0.760E+04           0.583E-05           0.583E-05           0.100E+01           0.116E-01
 288           0.823E+04           0.535E-05           0.535E-05           0.100E+01           0.111E-01
 296           0.858E+04           0.500E-05           0.500E-05           0.100E+01           0.110E-01
 304           0.913E+04           0.461E-05           0.461E-05           0.100E+01           0.106E-01
 312           0.938E+04           0.429E-05           0.430E-05           0.100E+01           0.107E-01
 320           0.101E+05           0.393E-05           0.394E-05           0.100E+01           0.101E-01
 328           0.107E+05           0.362E-05           0.362E-05           0.100E+01           0.994E-02
 336           0.110E+05           0.337E-05           0.337E-05           0.100E+01           0.971E-02
 344           0.117E+05           0.321E-05           0.321E-05           0.100E+01           0.940E-02
 352           0.120E+05           0.295E-05           0.295E-05           0.100E+01           0.936E-02
 360           0.130E+05           0.278E-05           0.278E-05           0.100E+01           0.893E-02
 368           0.131E+05           0.257E-05           0.257E-05           0.100E+01           0.878E-02
 376           0.138E+05           0.243E-05           0.243E-05           0.100E+01           0.873E-02
 384           0.145E+05           0.226E-05           0.227E-05           0.100E+01           0.836E-02
 392           0.152E+05           0.212E-05           0.213E-05           0.100E+01           0.830E-02
 400           0.159E+05           0.199E-05           0.199E-05           0.100E+01           0.812E-02
 408           0.161E+05           0.188E-05           0.188E-05           0.100E+01           0.807E-02
 416           0.171E+05           0.174E-05           0.175E-05           0.100E+01           0.782E-02
 424           0.177E+05           0.168E-05           0.169E-05           0.100E+01           0.761E-02
 432           0.182E+05           0.158E-05           0.159E-05           0.100E+01           0.744E-02
 440           0.188E+05           0.148E-05           0.149E-05           0.100E+01           0.741E-02
 448           0.196E+05           0.140E-05           0.141E-05           0.100E+01           0.727E-02
 456           0.207E+05           0.133E-05           0.133E-05           0.100E+01           0.707E-02
 464           0.210E+05           0.126E-05           0.126E-05           0.100E+01           0.701E-02
 472           0.217E+05           0.119E-05           0.119E-05           0.100E+01           0.690E-02
 480           0.229E+05           0.113E-05           0.114E-05           0.100E+01           0.672E-02
 488           0.233E+05           0.107E-05           0.107E-05           0.100E+01           0.658E-02
 496           0.243E+05           0.103E-05           0.104E-05           0.100E+01           0.645E-02
 504           0.244E+05           0.967E-06           0.973E-06           0.100E+01           0.653E-02
 512           0.258E+05           0.932E-06           0.938E-06           0.100E+01           0.638E-02
