   0           0.100E+01           0.100E+01           0.100E+01           0.100E+01           0.100E+01
   1           0.900E+01           0.943E-06           0.943E-06           0.100E+01           0.278E+00
   2           0.310E+02           0.875E-06           0.875E-06           0.100E+01           0.186E+00
   3           0.490E+02           0.352E-06           0.352E-06           0.100E+01           0.116E+00
   4           0.105E+03           0.222E-06           0.222E-06           0.100E+01           0.960E-01
   5           0.175E+03           0.140E-06           0.140E-06           0.100E+01           0.699E-01
   6           0.225E+03           0.108E-06           0.108E-06           0.100E+01           0.678E-01
   7           0.301E+03           0.843E-07           0.843E-07           0.100E+01           0.583E-01
   8           0.381E+03           0.578E-07           0.578E-07           0.100E+01           0.520E-01
   9           0.571E+03           0.496E-07           0.496E-07           0.100E+01           0.383E-01
  10           0.625E+03           0.387E-07           0.387E-07           0.100E+01           0.404E-01
  11           0.729E+03           0.325E-07           0.325E-07           0.100E+01           0.370E-01
  12           0.907E+03           0.267E-07           0.267E-07           0.100E+01           0.369E-01
  13           0.109E+04           0.235E-07           0.235E-07           0.100E+01           0.311E-01
  14           0.125E+04           0.202E-07           0.202E-07           0.100E+01           0.288E-01
  15           0.131E+04           0.168E-07           0.168E-07           0.100E+01           0.286E-01
  16           0.167E+04           0.148E-07           0.148E-07           0.100E+01           0.243E-01
  17           0.186E+04           0.125E-07           0.125E-07           0.100E+01           0.225E-01
  18           0.208E+04           0.110E-07           0.110E-07           0.100E+01           0.222E-01
  19           0.218E+04           0.101E-07           0.101E-07           0.100E+01           0.210E-01
  20           0.252E+04           0.876E-08           0.877E-08           0.100E+01           0.201E-01
  21           0.286E+04           0.787E-08           0.787E-08           0.100E+01           0.185E-01
  22           0.299E+04           0.701E-08           0.702E-08           0.100E+01           0.185E-01
  23           0.330E+04           0.642E-08           0.643E-08           0.100E+01           0.173E-01
  24           0.356E+04           0.576E-08           0.576E-08           0.100E+01           0.170E-01
  25           0.402E+04           0.534E-08           0.534E-08           0.100E+01           0.161E-01
  26           0.430E+04           0.486E-08           0.486E-08           0.100E+01           0.152E-01
  27           0.453E+04           0.431E-08           0.431E-08           0.100E+01           0.145E-01
  28           0.498E+04           0.398E-08           0.398E-08           0.100E+01           0.141E-01
  29           0.528E+04           0.369E-08           0.369E-08           0.100E+01           0.140E-01
  30           0.561E+04           0.346E-08           0.346E-08           0.100E+01           0.134E-01
  31           0.607E+04           0.310E-08           0.310E-08           0.100E+01           0.128E-01
  32           0.630E+04           0.293E-08           0.293E-08           0.100E+01           0.128E-01
  33           0.690E+04           0.268E-08           0.268E-08           0.100E+01           0.121E-01
  34           0.738E+04           0.254E-08           0.255E-08           0.100E+01           0.117E-01
  35           0.760E+04           0.236E-08           0.236E-08           0.100E+01           0.116E-01
  36           0.823E+04           0.217E-08           0.217E-08           0.100E+01           0.108E-01
  37           0.858E+04           0.203E-08           0.203E-08           0.100E+01           0.109E-01
  38           0.913E+04           0.191E-08           0.191E-08           0.100E+01           0.104E-01
  39           0.938E+04           0.181E-08           0.181E-08           0.100E+01           0.101E-01
  40           0.101E+05           0.169E-08           0.169E-08           0.100E+01           0.987E-02
  41           0.107E+05           0.161E-08           0.161E-08           0.100E+01           0.972E-02
  42           0.110E+05           0.147E-08           0.147E-08           0.100E+01           0.945E-02
  43           0.117E+05           0.142E-08           0.143E-08           0.100E+01           0.926E-02
  44           0.120E+05           0.133E-08           0.133E-08           0.100E+01           0.905E-02
  45           0.130E+05           0.127E-08           0.127E-08           0.100E+01           0.888E-02
  46           0.131E+05           0.120E-08           0.120E-08           0.100E+01           0.881E-02
  47           0.138E+05           0.111E-08           0.111E-08           0.100E+01           0.849E-02
  48           0.145E+05           0.106E-08           0.106E-08           0.100E+01           0.822E-02
  49           0.152E+05           0.103E-08           0.103E-08           0.100E+01           0.809E-02
  50           0.159E+05           0.966E-09           0.969E-09           0.100E+01           0.789E-02
  51           0.161E+05           0.905E-09           0.908E-09           0.100E+01           0.803E-02
  52           0.171E+05           0.878E-09           0.880E-09           0.100E+01           0.758E-02
  53           0.177E+05           0.823E-09           0.826E-09           0.100E+01           0.750E-02
  54           0.182E+05           0.794E-09           0.797E-09           0.100E+01           0.734E-02
  55           0.188E+05           0.759E-09           0.761E-09           0.100E+01           0.733E-02
  56           0.196E+05           0.720E-09           0.723E-09           0.100E+01           0.707E-02
  57           0.207E+05           0.692E-09           0.695E-09           0.100E+01           0.687E-02
  58           0.210E+05           0.663E-09           0.666E-09           0.100E+01           0.689E-02
  59           0.217E+05           0.628E-09           0.631E-09           0.100E+01           0.681E-02
  60           0.229E+05           0.608E-09           0.611E-09           0.100E+01           0.659E-02
  61           0.233E+05           0.579E-09           0.582E-09           0.100E+01           0.669E-02
  62           0.243E+05           0.561E-09           0.565E-09           0.100E+01           0.637E-02
  63           0.244E+05           0.534E-09           0.537E-09           0.100E+01           0.634E-02
  64           0.258E+05           0.518E-09           0.522E-09           0.100E+01           0.622E-02
  66           0.690E+04           0.472E-09           0.472E-09           0.100E+01           0.121E-01
  68           0.738E+04           0.437E-09           0.437E-09           0.100E+01           0.116E-01
  70           0.760E+04           0.406E-09           0.406E-09           0.100E+01           0.115E-01
  72           0.823E+04           0.384E-09           0.385E-09           0.100E+01           0.109E-01
  74           0.858E+04           0.354E-09           0.355E-09           0.100E+01           0.109E-01
  76           0.913E+04           0.333E-09           0.333E-09           0.100E+01           0.106E-01
  78           0.938E+04           0.311E-09           0.311E-09           0.100E+01           0.103E-01
  80           0.101E+05           0.289E-09           0.290E-09           0.100E+01           0.979E-02
  82           0.107E+05           0.270E-09           0.270E-09           0.100E+01           0.981E-02
  84           0.110E+05           0.255E-09           0.255E-09           0.100E+01           0.946E-02
  86           0.117E+05           0.238E-09           0.238E-09           0.100E+01           0.925E-02
  88           0.120E+05           0.223E-09           0.223E-09           0.100E+01           0.916E-02
  90           0.130E+05           0.210E-09           0.210E-09           0.100E+01           0.888E-02
  92           0.131E+05           0.204E-09           0.205E-09           0.100E+01           0.872E-02
  94           0.138E+05           0.189E-09           0.190E-09           0.100E+01           0.847E-02
  96           0.145E+05           0.176E-09           0.177E-09           0.100E+01           0.836E-02
  98           0.152E+05           0.171E-09           0.172E-09           0.100E+01           0.810E-02
 100           0.159E+05           0.159E-09           0.159E-09           0.100E+01           0.786E-02
 102           0.161E+05           0.151E-09           0.152E-09           0.100E+01           0.786E-02
 104           0.171E+05           0.144E-09           0.144E-09           0.100E+01           0.771E-02
 106           0.177E+05           0.136E-09           0.137E-09           0.100E+01           0.744E-02
 108           0.182E+05           0.131E-09           0.132E-09           0.100E+01           0.744E-02
 110           0.188E+05           0.125E-09           0.126E-09           0.100E+01           0.734E-02
 112           0.196E+05           0.119E-09           0.119E-09           0.100E+01           0.711E-02
 114           0.207E+05           0.115E-09           0.116E-09           0.100E+01           0.686E-02
 116           0.210E+05           0.108E-09           0.108E-09           0.100E+01           0.690E-02
 118           0.217E+05           0.103E-09           0.104E-09           0.100E+01           0.677E-02
 120           0.229E+05           0.980E-10           0.985E-10           0.100E+01           0.665E-02
 122           0.233E+05           0.954E-10           0.959E-10           0.100E+01           0.658E-02
 124           0.243E+05           0.904E-10           0.909E-10           0.100E+01           0.651E-02
 126           0.244E+05           0.875E-10           0.881E-10           0.100E+01           0.638E-02
 128           0.258E+05           0.835E-10           0.840E-10           0.100E+01           0.620E-02
 132           0.690E+04           0.764E-10           0.765E-10           0.100E+01           0.123E-01
 136           0.738E+04           0.716E-10           0.717E-10           0.100E+01           0.117E-01
 140           0.760E+04           0.635E-10           0.635E-10           0.100E+01           0.113E-01
 144           0.823E+04           0.611E-10           0.611E-10           0.100E+01           0.110E-01
 148           0.858E+04           0.565E-10           0.566E-10           0.100E+01           0.106E-01
 152           0.913E+04           0.529E-10           0.530E-10           0.100E+01           0.105E-01
 156           0.938E+04           0.492E-10           0.492E-10           0.100E+01           0.102E-01
 160           0.101E+05           0.462E-10           0.463E-10           0.100E+01           0.994E-02
 164           0.107E+05           0.423E-10           0.424E-10           0.100E+01           0.980E-02
 168           0.110E+05           0.389E-10           0.390E-10           0.100E+01           0.965E-02
 172           0.117E+05           0.375E-10           0.375E-10           0.100E+01           0.905E-02
 176           0.120E+05           0.350E-10           0.351E-10           0.100E+01           0.898E-02
 180           0.130E+05           0.327E-10           0.328E-10           0.100E+01           0.878E-02
 184           0.131E+05           0.307E-10           0.308E-10           0.100E+01           0.882E-02
 188           0.138E+05           0.291E-10           0.292E-10           0.100E+01           0.842E-02
 192           0.145E+05           0.273E-10           0.274E-10           0.100E+01           0.827E-02
 196           0.152E+05           0.259E-10           0.260E-10           0.100E+01           0.793E-02
 200           0.159E+05           0.246E-10           0.246E-10           0.100E+01           0.796E-02
 204           0.161E+05           0.234E-10           0.235E-10           0.100E+01           0.779E-02
 208           0.171E+05           0.220E-10           0.220E-10           0.100E+01           0.765E-02
 212           0.177E+05           0.209E-10           0.209E-10           0.100E+01           0.748E-02
 216           0.182E+05           0.199E-10           0.200E-10           0.100E+01           0.746E-02
 220           0.188E+05           0.189E-10           0.190E-10           0.100E+01           0.729E-02
 224           0.196E+05           0.181E-10           0.181E-10           0.100E+01           0.718E-02
 228           0.207E+05           0.172E-10           0.173E-10           0.100E+01           0.687E-02
 232           0.210E+05           0.164E-10           0.165E-10           0.100E+01           0.678E-02
 236           0.217E+05           0.157E-10           0.158E-10           0.100E+01           0.684E-02
 240           0.229E+05           0.149E-10           0.149E-10           0.100E+01           0.659E-02
 244           0.233E+05           0.141E-10           0.142E-10           0.100E+01           0.651E-02
 248           0.243E+05           0.132E-10           0.133E-10           0.100E+01           0.643E-02
 252           0.244E+05           0.121E-10           0.122E-10           0.100E+01           0.646E-02
 256           0.258E+05           0.683E-11           0.687E-11           0.100E+01           0.760E-02
 264           0.690E+04           0.141E-11           0.141E-11           0.100E+01           0.356E-01
 272           0.738E+04           0.159E-11           0.159E-11           0.100E+01           0.421E-01
 280           0.760E+04           0.228E-11           0.228E-11           0.100E+01           0.400E-01
 288           0.823E+04           0.284E-11           0.285E-11           0.100E+01           0.370E-01
 296           0.858E+04           0.380E-11           0.380E-11           0.100E+01           0.348E-01
 304           0.913E+04           0.473E-11           0.474E-11           0.100E+01           0.354E-01
 312           0.938E+04           0.580E-11           0.580E-11           0.100E+01           0.329E-01
 320           0.101E+05           0.710E-11           0.711E-11           0.100E+01           0.332E-01
 328           0.107E+05           0.825E-11           0.826E-11           0.100E+01           0.303E-01
 336           0.110E+05           0.103E-10           0.103E-10           0.100E+01           0.317E-01
 344           0.117E+05           0.123E-10           0.123E-10           0.100E+01           0.327E-01
 352           0.120E+05           0.149E-10           0.149E-10           0.100E+01           0.338E-01
 360           0.130E+05           0.173E-10           0.174E-10           0.100E+01           0.327E-01
 368           0.131E+05           0.221E-10           0.221E-10           0.100E+01           0.356E-01
 376           0.138E+05           0.265E-10           0.265E-10           0.100E+01           0.366E-01
 384           0.145E+05           0.322E-10           0.323E-10           0.100E+01           0.356E-01
 392           0.152E+05           0.403E-10           0.404E-10           0.100E+01           0.387E-01
 400           0.159E+05           0.551E-10           0.552E-10           0.100E+01           0.412E-01
 408           0.161E+05           0.657E-10           0.658E-10           0.100E+01           0.449E-01
 416           0.171E+05           0.911E-10           0.913E-10           0.100E+01           0.475E-01
 424           0.177E+05           0.116E-09           0.117E-09           0.100E+01           0.497E-01
 432           0.182E+05           0.158E-09           0.159E-09           0.100E+01           0.570E-01
 440           0.188E+05           0.213E-09           0.214E-09           0.100E+01           0.594E-01
 448           0.196E+05           0.293E-09           0.294E-09           0.100E+01           0.712E-01
 456           0.207E+05           0.448E-09           0.450E-09           0.100E+01           0.752E-01
 464           0.210E+05           0.608E-09           0.611E-09           0.100E+01           0.819E-01
 472           0.217E+05           0.111E-08           0.112E-08           0.100E+01           0.968E-01
 480           0.229E+05           0.204E-08           0.205E-08           0.100E+01           0.128E+00
 488           0.233E+05           0.451E-08           0.453E-08           0.100E+01           0.152E+00
 496           0.243E+05           0.102E-07           0.103E-07           0.100E+01           0.187E+00
 504           0.244E+05           0.423E-07           0.426E-07           0.100E+01           0.418E+00
 512           0.258E+05           0.266E-05           0.267E-05           0.100E+01           0.588E+00
