   0           0.100E+01           0.100E+01           0.100E+01           0.100E+01           0.100E+01
   1           0.900E+01           0.189E-03           0.189E-03           0.100E+01           0.573E+00
   2           0.310E+02           0.105E-04           0.105E-04           0.100E+01           0.178E+00
   3           0.490E+02           0.769E-05           0.769E-05           0.100E+01           0.115E+00
   4           0.105E+03           0.464E-05           0.464E-05           0.100E+01           0.823E-01
   5           0.175E+03           0.268E-05           0.268E-05           0.100E+01           0.816E-01
   6           0.225E+03           0.146E-05           0.146E-05           0.100E+01           0.687E-01
   7           0.301E+03           0.121E-05           0.121E-05           0.100E+01           0.570E-01
   8           0.381E+03           0.866E-06           0.866E-06           0.100E+01           0.495E-01
   9           0.571E+03           0.579E-06           0.579E-06           0.100E+01           0.408E-01
  10           0.625E+03           0.494E-06           0.494E-06           0.100E+01           0.373E-01
  11           0.729E+03           0.361E-06           0.361E-06           0.100E+01           0.356E-01
  12           0.907E+03           0.297E-06           0.297E-06           0.100E+01           0.318E-01
  13           0.109E+04           0.232E-06           0.232E-06           0.100E+01           0.303E-01
  14           0.125E+04           0.190E-06           0.190E-06           0.100E+01           0.281E-01
  15           0.131E+04           0.178E-06           0.178E-06           0.100E+01           0.289E-01
  16           0.167E+04           0.143E-06           0.143E-06           0.100E+01           0.240E-01
  17           0.186E+04           0.121E-06           0.121E-06           0.100E+01           0.242E-01
  18           0.208E+04           0.104E-06           0.104E-06           0.100E+01           0.225E-01
  19           0.218E+04           0.903E-07           0.903E-07           0.100E+01           0.215E-01
  20           0.252E+04           0.823E-07           0.823E-07           0.100E+01           0.208E-01
  21           0.286E+04           0.708E-07           0.708E-07           0.100E+01           0.190E-01
  22           0.299E+04           0.620E-07           0.620E-07           0.100E+01           0.183E-01
  23           0.330E+04           0.554E-07           0.554E-07           0.100E+01           0.178E-01
  24           0.356E+04           0.503E-07           0.503E-07           0.100E+01           0.169E-01
  25           0.402E+04           0.441E-07           0.441E-07           0.100E+01           0.161E-01
  26           0.430E+04           0.404E-07           0.404E-07           0.100E+01           0.149E-01
  27           0.453E+04           0.368E-07           0.368E-07           0.100E+01           0.146E-01
  28           0.498E+04           0.325E-07           0.325E-07           0.100E+01           0.141E-01
  29           0.528E+04           0.294E-07           0.294E-07           0.100E+01           0.136E-01
  30           0.561E+04           0.272E-07           0.272E-07           0.100E+01           0.134E-01
  31           0.607E+04           0.247E-07           0.247E-07           0.100E+01           0.129E-01
  32           0.630E+04           0.232E-07           0.232E-07           0.100E+01           0.126E-01
  33           0.690E+04           0.208E-07           0.208E-07           0.100E+01           0.122E-01
  34           0.738E+04           0.193E-07           0.193E-07           0.100E+01           0.118E-01
  35           0.760E+04           0.179E-07           0.180E-07           0.100E+01           0.114E-01
  36           0.823E+04           0.165E-07           0.165E-07           0.100E+01           0.108E-01
  37           0.858E+04           0.155E-07           0.156E-07           0.100E+01           0.106E-01
  38           0.913E+04           0.146E-07           0.146E-07           0.100E+01           0.107E-01
  39           0.938E+04           0.136E-07           0.136E-07           0.100E+01           0.103E-01
  40           0.101E+05           0.126E-07           0.126E-07           0.100E+01           0.993E-02
  41           0.107E+05           0.118E-07           0.118E-07           0.100E+01           0.968E-02
  42           0.110E+05           0.111E-07           0.111E-07           0.100E+01           0.955E-02
  43           0.117E+05           0.104E-07           0.104E-07           0.100E+01           0.921E-02
  44           0.120E+05           0.975E-08           0.977E-08           0.100E+01           0.913E-02
  45           0.130E+05           0.912E-08           0.913E-08           0.100E+01           0.873E-02
  46           0.131E+05           0.852E-08           0.854E-08           0.100E+01           0.858E-02
  47           0.138E+05           0.804E-08           0.806E-08           0.100E+01           0.857E-02
  48           0.145E+05           0.762E-08           0.764E-08           0.100E+01           0.835E-02
  49           0.152E+05           0.732E-08           0.734E-08           0.100E+01           0.811E-02
  50           0.159E+05           0.687E-08           0.688E-08           0.100E+01           0.798E-02
  51           0.161E+05           0.654E-08           0.656E-08           0.100E+01           0.780E-02
  52           0.171E+05           0.624E-08           0.626E-08           0.100E+01           0.755E-02
  53           0.177E+05           0.596E-08           0.598E-08           0.100E+01           0.751E-02
  54           0.182E+05           0.556E-08           0.557E-08           0.100E+01           0.738E-02
  55           0.188E+05           0.533E-08           0.535E-08           0.100E+01           0.729E-02
  56           0.196E+05           0.507E-08           0.509E-08           0.100E+01           0.713E-02
  57           0.207E+05           0.485E-08           0.488E-08           0.100E+01           0.694E-02
  58           0.210E+05           0.461E-08           0.463E-08           0.100E+01           0.684E-02
  59           0.217E+05           0.443E-08           0.445E-08           0.100E+01           0.679E-02
  60           0.229E+05           0.424E-08           0.426E-08           0.100E+01           0.663E-02
  61           0.233E+05           0.400E-08           0.402E-08           0.100E+01           0.666E-02
  62           0.243E+05           0.387E-08           0.389E-08           0.100E+01           0.647E-02
  63           0.244E+05           0.366E-08           0.368E-08           0.100E+01           0.638E-02
  64           0.258E+05           0.351E-08           0.353E-08           0.100E+01           0.625E-02
  66           0.690E+04           0.327E-08           0.327E-08           0.100E+01           0.119E-01
  68           0.738E+04           0.295E-08           0.295E-08           0.100E+01           0.117E-01
  70           0.760E+04           0.282E-08           0.282E-08           0.100E+01           0.113E-01
  72           0.823E+04           0.256E-08           0.256E-08           0.100E+01           0.110E-01
  74           0.858E+04           0.240E-08           0.240E-08           0.100E+01           0.109E-01
  76           0.913E+04           0.224E-08           0.224E-08           0.100E+01           0.106E-01
  78           0.938E+04           0.210E-08           0.210E-08           0.100E+01           0.103E-01
  80           0.101E+05           0.191E-08           0.192E-08           0.100E+01           0.987E-02
  82           0.107E+05           0.179E-08           0.179E-08           0.100E+01           0.970E-02
  84           0.110E+05           0.170E-08           0.170E-08           0.100E+01           0.955E-02
  86           0.117E+05           0.159E-08           0.159E-08           0.100E+01           0.936E-02
  88           0.120E+05           0.146E-08           0.146E-08           0.100E+01           0.901E-02
  90           0.130E+05           0.137E-08           0.137E-08           0.100E+01           0.875E-02
  92           0.131E+05           0.132E-08           0.132E-08           0.100E+01           0.869E-02
  94           0.138E+05           0.124E-08           0.124E-08           0.100E+01           0.856E-02
  96           0.145E+05           0.117E-08           0.118E-08           0.100E+01           0.837E-02
  98           0.152E+05           0.110E-08           0.110E-08           0.100E+01           0.810E-02
 100           0.159E+05           0.103E-08           0.104E-08           0.100E+01           0.788E-02
 102           0.161E+05           0.985E-09           0.988E-09           0.100E+01           0.786E-02
 104           0.171E+05           0.944E-09           0.947E-09           0.100E+01           0.762E-02
 106           0.177E+05           0.880E-09           0.883E-09           0.100E+01           0.751E-02
 108           0.182E+05           0.840E-09           0.843E-09           0.100E+01           0.746E-02
 110           0.188E+05           0.794E-09           0.797E-09           0.100E+01           0.731E-02
 112           0.196E+05           0.772E-09           0.775E-09           0.100E+01           0.709E-02
 114           0.207E+05           0.722E-09           0.725E-09           0.100E+01           0.683E-02
 116           0.210E+05           0.690E-09           0.693E-09           0.100E+01           0.680E-02
 118           0.217E+05           0.666E-09           0.669E-09           0.100E+01           0.680E-02
 120           0.229E+05           0.629E-09           0.632E-09           0.100E+01           0.665E-02
 122           0.233E+05           0.604E-09           0.608E-09           0.100E+01           0.653E-02
 124           0.243E+05           0.576E-09           0.579E-09           0.100E+01           0.640E-02
 126           0.244E+05           0.554E-09           0.558E-09           0.100E+01           0.633E-02
 128           0.258E+05           0.534E-09           0.538E-09           0.100E+01           0.625E-02
 132           0.690E+04           0.479E-09           0.479E-09           0.100E+01           0.121E-01
 136           0.738E+04           0.465E-09           0.465E-09           0.100E+01           0.125E-01
 140           0.760E+04           0.450E-09           0.450E-09           0.100E+01           0.125E-01
 144           0.823E+04           0.418E-09           0.418E-09           0.100E+01           0.126E-01
 148           0.858E+04           0.421E-09           0.421E-09           0.100E+01           0.149E-01
 152           0.913E+04           0.416E-09           0.416E-09           0.100E+01           0.162E-01
 156           0.938E+04           0.438E-09           0.438E-09           0.100E+01           0.187E-01
 160           0.101E+05           0.480E-09           0.480E-09           0.100E+01           0.216E-01
 164           0.107E+05           0.495E-09           0.496E-09           0.100E+01           0.233E-01
 168           0.110E+05           0.570E-09           0.571E-09           0.100E+01           0.259E-01
 172           0.117E+05           0.638E-09           0.639E-09           0.100E+01           0.291E-01
 176           0.120E+05           0.787E-09           0.788E-09           0.100E+01           0.325E-01
 180           0.130E+05           0.887E-09           0.888E-09           0.100E+01           0.330E-01
 184           0.131E+05           0.112E-08           0.112E-08           0.100E+01           0.361E-01
 188           0.138E+05           0.132E-08           0.132E-08           0.100E+01           0.369E-01
 192           0.145E+05           0.171E-08           0.171E-08           0.100E+01           0.428E-01
 196           0.152E+05           0.217E-08           0.217E-08           0.100E+01           0.440E-01
 200           0.159E+05           0.287E-08           0.288E-08           0.100E+01           0.441E-01
 204           0.161E+05           0.362E-08           0.363E-08           0.100E+01           0.476E-01
 208           0.171E+05           0.501E-08           0.502E-08           0.100E+01           0.552E-01
 212           0.177E+05           0.667E-08           0.669E-08           0.100E+01           0.572E-01
 216           0.182E+05           0.940E-08           0.943E-08           0.100E+01           0.645E-01
 220           0.188E+05           0.137E-07           0.137E-07           0.100E+01           0.782E-01
 224           0.196E+05           0.213E-07           0.213E-07           0.100E+01           0.854E-01
 228           0.207E+05           0.307E-07           0.309E-07           0.100E+01           0.114E+00
 232           0.210E+05           0.597E-07           0.599E-07           0.100E+01           0.116E+00
 236           0.217E+05           0.762E-07           0.765E-07           0.100E+01           0.167E+00
 240           0.229E+05           0.886E-07           0.889E-07           0.100E+01           0.122E+00
 244           0.233E+05           0.146E-06           0.146E-06           0.100E+01           0.133E+00
 248           0.243E+05           0.147E-06           0.148E-06           0.100E+01           0.148E+00
 252           0.244E+05           0.180E-06           0.181E-06           0.100E+01           0.133E+00
 256           0.258E+05           0.184E-06           0.185E-06           0.100E+01           0.124E+00
 264           0.690E+04           0.135E-06           0.135E-06           0.100E+01           0.189E+00
 272           0.738E+04           0.114E-06           0.114E-06           0.100E+01           0.198E+00
 280           0.760E+04           0.560E-07           0.560E-07           0.100E+01           0.148E+00
 288           0.823E+04           0.337E-07           0.338E-07           0.100E+01           0.129E+00
 296           0.858E+04           0.227E-07           0.227E-07           0.100E+01           0.949E-01
 304           0.913E+04           0.198E-07           0.198E-07           0.100E+01           0.639E-01
 312           0.938E+04           0.171E-07           0.171E-07           0.100E+01           0.561E-01
 320           0.101E+05           0.316E-07           0.316E-07           0.100E+01           0.626E-01
 328           0.107E+05           0.331E-07           0.332E-07           0.100E+01           0.900E-01
 336           0.110E+05           0.791E-07           0.792E-07           0.100E+01           0.101E+00
 344           0.117E+05           0.792E-07           0.794E-07           0.100E+01           0.107E+00
 352           0.120E+05           0.826E-07           0.828E-07           0.100E+01           0.111E+00
 360           0.130E+05           0.166E-06           0.166E-06           0.100E+01           0.948E-01
 368           0.131E+05           0.941E-07           0.943E-07           0.100E+01           0.124E+00
 376           0.138E+05           0.115E-06           0.115E-06           0.100E+01           0.865E-01
 384           0.145E+05           0.608E-07           0.609E-07           0.100E+01           0.694E-01
 392           0.152E+05           0.505E-07           0.506E-07           0.100E+01           0.809E-01
 400           0.159E+05           0.629E-07           0.631E-07           0.100E+01           0.514E-01
 408           0.161E+05           0.395E-07           0.396E-07           0.100E+01           0.639E-01
 416           0.171E+05           0.363E-07           0.365E-07           0.100E+01           0.526E-01
 424           0.177E+05           0.478E-07           0.480E-07           0.100E+01           0.749E-01
 432           0.182E+05           0.536E-07           0.538E-07           0.100E+01           0.785E-01
 440           0.188E+05           0.489E-07           0.491E-07           0.100E+01           0.779E-01
 448           0.196E+05           0.383E-07           0.384E-07           0.100E+01           0.754E-01
 456           0.207E+05           0.538E-07           0.540E-07           0.100E+01           0.684E-01
 464           0.210E+05           0.420E-07           0.422E-07           0.100E+01           0.614E-01
 472           0.217E+05           0.340E-07           0.341E-07           0.100E+01           0.504E-01
 480           0.229E+05           0.382E-07           0.384E-07           0.100E+01           0.482E-01
 488           0.233E+05           0.390E-07           0.392E-07           0.100E+01           0.484E-01
 496           0.243E+05           0.386E-07           0.389E-07           0.100E+01           0.582E-01
 504           0.244E+05           0.405E-07           0.408E-07           0.100E+01           0.623E-01
 512           0.258E+05           0.486E-07           0.489E-07           0.100E+01           0.454E-01
