   0           0.100E+01           0.100E+01           0.100E+01           0.100E+01           0.100E+01
   1           0.900E+01           0.175E-04           0.175E-04           0.100E+01           0.419E+00
   2           0.310E+02           0.569E-05           0.569E-05           0.100E+01           0.137E+00
   3           0.490E+02           0.297E-05           0.297E-05           0.100E+01           0.161E+00
   4           0.105E+03           0.170E-05           0.170E-05           0.100E+01           0.105E+00
   5           0.175E+03           0.110E-05           0.110E-05           0.100E+01           0.773E-01
   6           0.225E+03           0.806E-06           0.806E-06           0.100E+01           0.637E-01
   7           0.301E+03           0.547E-06           0.547E-06           0.100E+01           0.589E-01
   8           0.381E+03           0.390E-06           0.390E-06           0.100E+01           0.594E-01
   9           0.571E+03           0.319E-06           0.319E-06           0.100E+01           0.407E-01
  10           0.625E+03           0.248E-06           0.248E-06           0.100E+01           0.378E-01
  11           0.729E+03           0.197E-06           0.197E-06           0.100E+01           0.369E-01
  12           0.907E+03           0.181E-06           0.181E-06           0.100E+01           0.339E-01
  13           0.109E+04           0.139E-06           0.139E-06           0.100E+01           0.297E-01
  14           0.125E+04           0.119E-06           0.119E-06           0.100E+01           0.256E-01
  15           0.131E+04           0.102E-06           0.102E-06           0.100E+01           0.267E-01
  16           0.167E+04           0.860E-07           0.860E-07           0.100E+01           0.244E-01
  17           0.186E+04           0.774E-07           0.774E-07           0.100E+01           0.234E-01
  18           0.208E+04           0.647E-07           0.647E-07           0.100E+01           0.221E-01
  19           0.218E+04           0.562E-07           0.562E-07           0.100E+01           0.213E-01
  20           0.252E+04           0.536E-07           0.536E-07           0.100E+01           0.202E-01
  21           0.286E+04           0.460E-07           0.460E-07           0.100E+01           0.189E-01
  22           0.299E+04           0.413E-07           0.413E-07           0.100E+01           0.183E-01
  23           0.330E+04           0.383E-07           0.383E-07           0.100E+01           0.177E-01
  24           0.356E+04           0.332E-07           0.332E-07           0.100E+01           0.164E-01
  25           0.402E+04           0.311E-07           0.311E-07           0.100E+01           0.158E-01
  26           0.430E+04           0.289E-07           0.289E-07           0.100E+01           0.153E-01
  27           0.453E+04           0.260E-07           0.260E-07           0.100E+01           0.145E-01
  28           0.498E+04           0.236E-07           0.236E-07           0.100E+01           0.140E-01
  29           0.528E+04           0.214E-07           0.214E-07           0.100E+01           0.137E-01
  30           0.561E+04           0.198E-07           0.198E-07           0.100E+01           0.133E-01
  31           0.607E+04           0.180E-07           0.180E-07           0.100E+01           0.130E-01
  32           0.630E+04           0.173E-07           0.173E-07           0.100E+01           0.125E-01
  33           0.690E+04           0.159E-07           0.159E-07           0.100E+01           0.120E-01
  34           0.738E+04           0.148E-07           0.148E-07           0.100E+01           0.115E-01
  35           0.760E+04           0.137E-07           0.137E-07           0.100E+01           0.114E-01
  36           0.823E+04           0.127E-07           0.127E-07           0.100E+01           0.110E-01
  37           0.858E+04           0.120E-07           0.120E-07           0.100E+01           0.108E-01
  38           0.913E+04           0.111E-07           0.111E-07           0.100E+01           0.105E-01
  39           0.938E+04           0.105E-07           0.105E-07           0.100E+01           0.102E-01
  40           0.101E+05           0.101E-07           0.101E-07           0.100E+01           0.101E-01
  41           0.107E+05           0.934E-08           0.935E-08           0.100E+01           0.972E-02
  42           0.110E+05           0.884E-08           0.885E-08           0.100E+01           0.946E-02
  43           0.117E+05           0.820E-08           0.821E-08           0.100E+01           0.934E-02
  44           0.120E+05           0.786E-08           0.787E-08           0.100E+01           0.903E-02
  45           0.130E+05           0.752E-08           0.754E-08           0.100E+01           0.882E-02
  46           0.131E+05           0.697E-08           0.698E-08           0.100E+01           0.875E-02
  47           0.138E+05           0.664E-08           0.666E-08           0.100E+01           0.838E-02
  48           0.145E+05           0.638E-08           0.639E-08           0.100E+01           0.819E-02
  49           0.152E+05           0.607E-08           0.609E-08           0.100E+01           0.815E-02
  50           0.159E+05           0.579E-08           0.580E-08           0.100E+01           0.801E-02
  51           0.161E+05           0.551E-08           0.552E-08           0.100E+01           0.794E-02
  52           0.171E+05           0.522E-08           0.523E-08           0.100E+01           0.769E-02
  53           0.177E+05           0.494E-08           0.496E-08           0.100E+01           0.758E-02
  54           0.182E+05           0.477E-08           0.478E-08           0.100E+01           0.742E-02
  55           0.188E+05           0.448E-08           0.450E-08           0.100E+01           0.731E-02
  56           0.196E+05           0.439E-08           0.440E-08           0.100E+01           0.720E-02
  57           0.207E+05           0.410E-08           0.412E-08           0.100E+01           0.696E-02
  58           0.210E+05           0.398E-08           0.399E-08           0.100E+01           0.690E-02
  59           0.217E+05           0.384E-08           0.386E-08           0.100E+01           0.674E-02
  60           0.229E+05           0.368E-08           0.370E-08           0.100E+01           0.659E-02
  61           0.233E+05           0.355E-08           0.357E-08           0.100E+01           0.663E-02
  62           0.243E+05           0.337E-08           0.339E-08           0.100E+01           0.639E-02
  63           0.244E+05           0.324E-08           0.326E-08           0.100E+01           0.639E-02
  64           0.258E+05           0.313E-08           0.315E-08           0.100E+01           0.628E-02
  66           0.690E+04           0.292E-08           0.292E-08           0.100E+01           0.121E-01
  68           0.738E+04           0.267E-08           0.267E-08           0.100E+01           0.117E-01
  70           0.760E+04           0.246E-08           0.246E-08           0.100E+01           0.112E-01
  72           0.823E+04           0.233E-08           0.233E-08           0.100E+01           0.111E-01
  74           0.858E+04           0.217E-08           0.217E-08           0.100E+01           0.106E-01
  76           0.913E+04           0.208E-08           0.208E-08           0.100E+01           0.105E-01
  78           0.938E+04           0.191E-08           0.191E-08           0.100E+01           0.103E-01
  80           0.101E+05           0.180E-08           0.181E-08           0.100E+01           0.100E-01
  82           0.107E+05           0.167E-08           0.167E-08           0.100E+01           0.961E-02
  84           0.110E+05           0.160E-08           0.160E-08           0.100E+01           0.946E-02
  86           0.117E+05           0.147E-08           0.147E-08           0.100E+01           0.919E-02
  88           0.120E+05           0.139E-08           0.139E-08           0.100E+01           0.921E-02
  90           0.130E+05           0.133E-08           0.134E-08           0.100E+01           0.869E-02
  92           0.131E+05           0.127E-08           0.127E-08           0.100E+01           0.885E-02
  94           0.138E+05           0.120E-08           0.120E-08           0.100E+01           0.849E-02
  96           0.145E+05           0.114E-08           0.114E-08           0.100E+01           0.828E-02
  98           0.152E+05           0.109E-08           0.109E-08           0.100E+01           0.823E-02
 100           0.159E+05           0.102E-08           0.102E-08           0.100E+01           0.784E-02
 102           0.161E+05           0.976E-09           0.979E-09           0.100E+01           0.782E-02
 104           0.171E+05           0.910E-09           0.913E-09           0.100E+01           0.768E-02
 106           0.177E+05           0.883E-09           0.886E-09           0.100E+01           0.751E-02
 108           0.182E+05           0.834E-09           0.837E-09           0.100E+01           0.754E-02
 110           0.188E+05           0.804E-09           0.807E-09           0.100E+01           0.720E-02
 112           0.196E+05           0.773E-09           0.776E-09           0.100E+01           0.715E-02
 114           0.207E+05           0.742E-09           0.745E-09           0.100E+01           0.721E-02
 116           0.210E+05           0.712E-09           0.715E-09           0.100E+01           0.701E-02
 118           0.217E+05           0.678E-09           0.682E-09           0.100E+01           0.679E-02
 120           0.229E+05           0.647E-09           0.650E-09           0.100E+01           0.674E-02
 122           0.233E+05           0.635E-09           0.638E-09           0.100E+01           0.668E-02
 124           0.243E+05           0.603E-09           0.607E-09           0.100E+01           0.651E-02
 126           0.244E+05           0.588E-09           0.592E-09           0.100E+01           0.656E-02
 128           0.258E+05           0.565E-09           0.569E-09           0.100E+01           0.639E-02
 132           0.690E+04           0.526E-09           0.527E-09           0.100E+01           0.129E-01
 136           0.738E+04           0.493E-09           0.493E-09           0.100E+01           0.122E-01
 140           0.760E+04           0.464E-09           0.464E-09           0.100E+01           0.128E-01
 144           0.823E+04           0.438E-09           0.439E-09           0.100E+01           0.139E-01
 148           0.858E+04           0.425E-09           0.425E-09           0.100E+01           0.157E-01
 152           0.913E+04           0.423E-09           0.423E-09           0.100E+01           0.184E-01
 156           0.938E+04           0.436E-09           0.436E-09           0.100E+01           0.198E-01
 160           0.101E+05           0.461E-09           0.461E-09           0.100E+01           0.228E-01
 164           0.107E+05           0.487E-09           0.487E-09           0.100E+01           0.243E-01
 168           0.110E+05           0.535E-09           0.536E-09           0.100E+01           0.263E-01
 172           0.117E+05           0.602E-09           0.603E-09           0.100E+01           0.291E-01
 176           0.120E+05           0.699E-09           0.700E-09           0.100E+01           0.321E-01
 180           0.130E+05           0.794E-09           0.795E-09           0.100E+01           0.316E-01
 184           0.131E+05           0.960E-09           0.962E-09           0.100E+01           0.368E-01
 188           0.138E+05           0.115E-08           0.115E-08           0.100E+01           0.362E-01
 192           0.145E+05           0.130E-08           0.130E-08           0.100E+01           0.372E-01
 196           0.152E+05           0.176E-08           0.176E-08           0.100E+01           0.395E-01
 200           0.159E+05           0.213E-08           0.213E-08           0.100E+01           0.392E-01
 204           0.161E+05           0.268E-08           0.268E-08           0.100E+01           0.439E-01
 208           0.171E+05           0.354E-08           0.355E-08           0.100E+01           0.469E-01
 212           0.177E+05           0.446E-08           0.448E-08           0.100E+01           0.517E-01
 216           0.182E+05           0.566E-08           0.567E-08           0.100E+01           0.542E-01
 220           0.188E+05           0.815E-08           0.817E-08           0.100E+01           0.572E-01
 224           0.196E+05           0.108E-07           0.108E-07           0.100E+01           0.643E-01
 228           0.207E+05           0.150E-07           0.150E-07           0.100E+01           0.718E-01
 232           0.210E+05           0.237E-07           0.238E-07           0.100E+01           0.978E-01
 236           0.217E+05           0.373E-07           0.374E-07           0.100E+01           0.965E-01
 240           0.229E+05           0.526E-07           0.528E-07           0.100E+01           0.126E+00
 244           0.233E+05           0.862E-07           0.866E-07           0.100E+01           0.157E+00
 248           0.243E+05           0.238E-06           0.239E-06           0.100E+01           0.228E+00
 252           0.244E+05           0.422E-06           0.424E-06           0.100E+01           0.342E+00
 256           0.258E+05           0.287E-06           0.289E-06           0.100E+01           0.241E+00
 264           0.690E+04           0.210E-06           0.210E-06           0.100E+01           0.302E+00
 272           0.738E+04           0.491E-07           0.491E-07           0.100E+01           0.201E+00
 280           0.760E+04           0.394E-07           0.394E-07           0.100E+01           0.164E+00
 288           0.823E+04           0.164E-07           0.164E-07           0.100E+01           0.816E-01
 296           0.858E+04           0.134E-07           0.135E-07           0.100E+01           0.775E-01
 304           0.913E+04           0.113E-07           0.114E-07           0.100E+01           0.451E-01
 312           0.938E+04           0.104E-07           0.104E-07           0.100E+01           0.474E-01
 320           0.101E+05           0.183E-07           0.184E-07           0.100E+01           0.646E-01
 328           0.107E+05           0.174E-07           0.174E-07           0.100E+01           0.768E-01
 336           0.110E+05           0.561E-07           0.561E-07           0.100E+01           0.108E+00
 344           0.117E+05           0.749E-07           0.750E-07           0.100E+01           0.171E+00
 352           0.120E+05           0.124E-06           0.124E-06           0.100E+01           0.286E+00
 360           0.130E+05           0.281E-06           0.281E-06           0.100E+01           0.191E+00
 368           0.131E+05           0.119E-06           0.119E-06           0.100E+01           0.169E+00
 376           0.138E+05           0.169E-06           0.170E-06           0.100E+01           0.162E+00
 384           0.145E+05           0.427E-07           0.428E-07           0.100E+01           0.882E-01
 392           0.152E+05           0.342E-07           0.343E-07           0.100E+01           0.968E-01
 400           0.159E+05           0.382E-07           0.383E-07           0.100E+01           0.528E-01
 408           0.161E+05           0.268E-07           0.269E-07           0.100E+01           0.585E-01
 416           0.171E+05           0.263E-07           0.264E-07           0.100E+01           0.594E-01
 424           0.177E+05           0.441E-07           0.443E-07           0.100E+01           0.108E+00
 432           0.182E+05           0.708E-07           0.710E-07           0.100E+01           0.134E+00
 440           0.188E+05           0.745E-07           0.748E-07           0.100E+01           0.148E+00
 448           0.196E+05           0.397E-07           0.399E-07           0.100E+01           0.191E+00
 456           0.207E+05           0.563E-07           0.566E-07           0.100E+01           0.124E+00
 464           0.210E+05           0.394E-07           0.396E-07           0.100E+01           0.849E-01
 472           0.217E+05           0.301E-07           0.302E-07           0.100E+01           0.762E-01
 480           0.229E+05           0.273E-07           0.274E-07           0.100E+01           0.512E-01
 488           0.233E+05           0.336E-07           0.338E-07           0.100E+01           0.105E+00
 496           0.243E+05           0.305E-07           0.306E-07           0.100E+01           0.105E+00
 504           0.244E+05           0.399E-07           0.401E-07           0.100E+01           0.104E+00
 512           0.258E+05           0.433E-07           0.435E-07           0.100E+01           0.856E-01
