   0           0.100E+01           0.100E+01           0.100E+01           0.100E+01           0.100E+01
   1           0.900E+01           0.491E-01           0.491E-01           0.100E+01           0.237E+00
   2           0.310E+02           0.146E-01           0.146E-01           0.100E+01           0.110E+00
   3           0.490E+02           0.978E-02           0.978E-02           0.100E+01           0.115E+00
   4           0.105E+03           0.652E-02           0.652E-02           0.100E+01           0.810E-01
   5           0.175E+03           0.533E-02           0.533E-02           0.100E+01           0.599E-01
   6           0.225E+03           0.448E-02           0.448E-02           0.100E+01           0.502E-01
   7           0.301E+03           0.367E-02           0.367E-02           0.100E+01           0.488E-01
   8           0.381E+03           0.342E-02           0.342E-02           0.100E+01           0.404E-01
   9           0.571E+03           0.297E-02           0.297E-02           0.100E+01           0.330E-01
  10           0.625E+03           0.277E-02           0.277E-02           0.100E+01           0.325E-01
  11           0.729E+03           0.235E-02           0.235E-02           0.100E+01           0.317E-01
  12           0.907E+03           0.197E-02           0.197E-02           0.100E+01           0.279E-01
  13           0.109E+04           0.185E-02           0.185E-02           0.100E+01           0.249E-01
  14           0.125E+04           0.176E-02           0.176E-02           0.100E+01           0.241E-01
  15           0.131E+04           0.152E-02           0.152E-02           0.100E+01           0.243E-01
  16           0.167E+04           0.140E-02           0.140E-02           0.100E+01           0.207E-01
  17           0.186E+04           0.123E-02           0.123E-02           0.100E+01           0.200E-01
  18           0.208E+04           0.113E-02           0.113E-02           0.100E+01           0.187E-01
  19           0.218E+04           0.103E-02           0.103E-02           0.100E+01           0.181E-01
  20           0.252E+04           0.876E-03           0.876E-03           0.100E+01           0.180E-01
  21           0.286E+04           0.794E-03           0.794E-03           0.100E+01           0.173E-01
  22           0.299E+04           0.734E-03           0.734E-03           0.100E+01           0.172E-01
  23           0.330E+04           0.671E-03           0.672E-03           0.100E+01           0.155E-01
  24           0.356E+04           0.618E-03           0.618E-03           0.100E+01           0.157E-01
  25           0.402E+04           0.562E-03           0.562E-03           0.100E+01           0.144E-01
  26           0.430E+04           0.527E-03           0.527E-03           0.100E+01           0.140E-01
  27           0.453E+04           0.480E-03           0.480E-03           0.100E+01           0.138E-01
  28           0.498E+04           0.458E-03           0.458E-03           0.100E+01           0.131E-01
  29           0.528E+04           0.422E-03           0.422E-03           0.100E+01           0.129E-01
  30           0.561E+04           0.386E-03           0.386E-03           0.100E+01           0.127E-01
  31           0.607E+04           0.353E-03           0.353E-03           0.100E+01           0.123E-01
  32           0.630E+04           0.342E-03           0.342E-03           0.100E+01           0.118E-01
  33           0.690E+04           0.313E-03           0.313E-03           0.100E+01           0.114E-01
  34           0.738E+04           0.286E-03           0.286E-03           0.100E+01           0.111E-01
  35           0.760E+04           0.266E-03           0.267E-03           0.100E+01           0.111E-01
  36           0.823E+04           0.246E-03           0.246E-03           0.100E+01           0.108E-01
  37           0.858E+04           0.227E-03           0.227E-03           0.100E+01           0.105E-01
  38           0.913E+04           0.212E-03           0.212E-03           0.100E+01           0.102E-01
  39           0.938E+04           0.201E-03           0.201E-03           0.100E+01           0.101E-01
  40           0.101E+05           0.190E-03           0.190E-03           0.100E+01           0.965E-02
  41           0.107E+05           0.179E-03           0.179E-03           0.100E+01           0.948E-02
  42           0.110E+05           0.174E-03           0.174E-03           0.100E+01           0.922E-02
  43           0.117E+05           0.163E-03           0.163E-03           0.100E+01           0.895E-02
  44           0.120E+05           0.156E-03           0.157E-03           0.100E+01           0.886E-02
  45           0.130E+05           0.151E-03           0.152E-03           0.100E+01           0.841E-02
  46           0.131E+05           0.146E-03           0.147E-03           0.100E+01           0.828E-02
  47           0.138E+05           0.139E-03           0.140E-03           0.100E+01           0.817E-02
  48           0.145E+05           0.130E-03           0.131E-03           0.100E+01           0.784E-02
  49           0.152E+05           0.123E-03           0.123E-03           0.100E+01           0.785E-02
  50           0.159E+05           0.117E-03           0.117E-03           0.100E+01           0.772E-02
  51           0.161E+05           0.111E-03           0.111E-03           0.100E+01           0.754E-02
  52           0.171E+05           0.106E-03           0.106E-03           0.100E+01           0.737E-02
  53           0.177E+05           0.102E-03           0.102E-03           0.100E+01           0.725E-02
  54           0.182E+05           0.983E-04           0.987E-04           0.100E+01           0.702E-02
  55           0.188E+05           0.956E-04           0.959E-04           0.100E+01           0.698E-02
  56           0.196E+05           0.929E-04           0.932E-04           0.100E+01           0.670E-02
  57           0.207E+05           0.907E-04           0.911E-04           0.100E+01           0.662E-02
  58           0.210E+05           0.858E-04           0.861E-04           0.100E+01           0.657E-02
  59           0.217E+05           0.842E-04           0.846E-04           0.100E+01           0.641E-02
  60           0.229E+05           0.806E-04           0.811E-04           0.100E+01           0.625E-02
  61           0.233E+05           0.774E-04           0.778E-04           0.100E+01           0.620E-02
  62           0.243E+05           0.735E-04           0.740E-04           0.100E+01           0.616E-02
  63           0.244E+05           0.714E-04           0.718E-04           0.100E+01           0.607E-02
  64           0.258E+05           0.689E-04           0.693E-04           0.100E+01           0.594E-02
  66           0.690E+04           0.633E-04           0.633E-04           0.100E+01           0.116E-01
  68           0.738E+04           0.592E-04           0.592E-04           0.100E+01           0.113E-01
  70           0.760E+04           0.562E-04           0.562E-04           0.100E+01           0.110E-01
  72           0.823E+04           0.524E-04           0.525E-04           0.100E+01           0.107E-01
  74           0.858E+04           0.493E-04           0.494E-04           0.100E+01           0.104E-01
  76           0.913E+04           0.458E-04           0.458E-04           0.100E+01           0.101E-01
  78           0.938E+04           0.429E-04           0.430E-04           0.100E+01           0.101E-01
  80           0.101E+05           0.397E-04           0.397E-04           0.100E+01           0.986E-02
  82           0.107E+05           0.375E-04           0.375E-04           0.100E+01           0.950E-02
  84           0.110E+05           0.356E-04           0.357E-04           0.100E+01           0.944E-02
  86           0.117E+05           0.337E-04           0.337E-04           0.100E+01           0.915E-02
  88           0.120E+05           0.316E-04           0.317E-04           0.100E+01           0.907E-02
  90           0.130E+05           0.296E-04           0.296E-04           0.100E+01           0.852E-02
  92           0.131E+05           0.280E-04           0.280E-04           0.100E+01           0.892E-02
  94           0.138E+05           0.264E-04           0.265E-04           0.100E+01           0.870E-02
  96           0.145E+05           0.250E-04           0.251E-04           0.100E+01           0.843E-02
  98           0.152E+05           0.236E-04           0.237E-04           0.100E+01           0.806E-02
 100           0.159E+05           0.225E-04           0.226E-04           0.100E+01           0.797E-02
 102           0.161E+05           0.216E-04           0.216E-04           0.100E+01           0.792E-02
 104           0.171E+05           0.202E-04           0.203E-04           0.100E+01           0.772E-02
 106           0.177E+05           0.194E-04           0.195E-04           0.100E+01           0.760E-02
 108           0.182E+05           0.183E-04           0.184E-04           0.100E+01           0.753E-02
 110           0.188E+05           0.176E-04           0.176E-04           0.100E+01           0.738E-02
 112           0.196E+05           0.167E-04           0.168E-04           0.100E+01           0.720E-02
 114           0.207E+05           0.161E-04           0.162E-04           0.100E+01           0.701E-02
 116           0.210E+05           0.153E-04           0.153E-04           0.100E+01           0.685E-02
 118           0.217E+05           0.147E-04           0.148E-04           0.100E+01           0.685E-02
 120           0.229E+05           0.140E-04           0.141E-04           0.100E+01           0.669E-02
 122           0.233E+05           0.132E-04           0.133E-04           0.100E+01           0.659E-02
 124           0.243E+05           0.129E-04           0.130E-04           0.100E+01           0.647E-02
 126           0.244E+05           0.124E-04           0.124E-04           0.100E+01           0.642E-02
 128           0.258E+05           0.117E-04           0.118E-04           0.100E+01           0.629E-02
 132           0.690E+04           0.109E-04           0.109E-04           0.100E+01           0.121E-01
 136           0.738E+04           0.101E-04           0.101E-04           0.100E+01           0.115E-01
 140           0.760E+04           0.944E-05           0.945E-05           0.100E+01           0.116E-01
 144           0.823E+04           0.878E-05           0.879E-05           0.100E+01           0.109E-01
 148           0.858E+04           0.798E-05           0.799E-05           0.100E+01           0.108E-01
 152           0.913E+04           0.742E-05           0.742E-05           0.100E+01           0.105E-01
 156           0.938E+04           0.698E-05           0.698E-05           0.100E+01           0.102E-01
 160           0.101E+05           0.655E-05           0.655E-05           0.100E+01           0.981E-02
 164           0.107E+05           0.605E-05           0.606E-05           0.100E+01           0.975E-02
 168           0.110E+05           0.561E-05           0.562E-05           0.100E+01           0.960E-02
 172           0.117E+05           0.522E-05           0.523E-05           0.100E+01           0.926E-02
 176           0.120E+05           0.497E-05           0.497E-05           0.100E+01           0.919E-02
 180           0.130E+05           0.463E-05           0.464E-05           0.100E+01           0.900E-02
 184           0.131E+05           0.435E-05           0.436E-05           0.100E+01           0.890E-02
 188           0.138E+05           0.417E-05           0.417E-05           0.100E+01           0.850E-02
 192           0.145E+05           0.380E-05           0.381E-05           0.100E+01           0.826E-02
 196           0.152E+05           0.371E-05           0.372E-05           0.100E+01           0.809E-02
 200           0.159E+05           0.344E-05           0.345E-05           0.100E+01           0.809E-02
 204           0.161E+05           0.326E-05           0.327E-05           0.100E+01           0.794E-02
 208           0.171E+05           0.309E-05           0.310E-05           0.100E+01           0.765E-02
 212           0.177E+05           0.296E-05           0.297E-05           0.100E+01           0.752E-02
 216           0.182E+05           0.276E-05           0.277E-05           0.100E+01           0.732E-02
 220           0.188E+05           0.264E-05           0.265E-05           0.100E+01           0.722E-02
 224           0.196E+05           0.246E-05           0.247E-05           0.100E+01           0.715E-02
 228           0.207E+05           0.237E-05           0.238E-05           0.100E+01           0.702E-02
 232           0.210E+05           0.223E-05           0.224E-05           0.100E+01           0.692E-02
 236           0.217E+05           0.213E-05           0.214E-05           0.100E+01           0.680E-02
 240           0.229E+05           0.204E-05           0.205E-05           0.100E+01           0.658E-02
 244           0.233E+05           0.193E-05           0.194E-05           0.100E+01           0.642E-02
 248           0.243E+05           0.184E-05           0.185E-05           0.100E+01           0.645E-02
 252           0.244E+05           0.177E-05           0.178E-05           0.100E+01           0.644E-02
 256           0.258E+05           0.169E-05           0.170E-05           0.100E+01           0.623E-02
 264           0.690E+04           0.156E-05           0.157E-05           0.100E+01           0.119E-01
 272           0.738E+04           0.143E-05           0.143E-05           0.100E+01           0.116E-01
 280           0.760E+04           0.128E-05           0.128E-05           0.100E+01           0.116E-01
 288           0.823E+04           0.121E-05           0.122E-05           0.100E+01           0.112E-01
 296           0.858E+04           0.110E-05           0.110E-05           0.100E+01           0.107E-01
 304           0.913E+04           0.101E-05           0.101E-05           0.100E+01           0.104E-01
 312           0.938E+04           0.937E-06           0.938E-06           0.100E+01           0.102E-01
 320           0.101E+05           0.877E-06           0.878E-06           0.100E+01           0.996E-02
 328           0.107E+05           0.808E-06           0.809E-06           0.100E+01           0.977E-02
 336           0.110E+05           0.751E-06           0.752E-06           0.100E+01           0.955E-02
 344           0.117E+05           0.691E-06           0.692E-06           0.100E+01           0.935E-02
 352           0.120E+05           0.658E-06           0.659E-06           0.100E+01           0.913E-02
 360           0.130E+05           0.612E-06           0.613E-06           0.100E+01           0.884E-02
 368           0.131E+05           0.572E-06           0.573E-06           0.100E+01           0.867E-02
 376           0.138E+05           0.536E-06           0.537E-06           0.100E+01           0.849E-02
 384           0.145E+05           0.501E-06           0.502E-06           0.100E+01           0.833E-02
 392           0.152E+05           0.464E-06           0.465E-06           0.100E+01           0.815E-02
 400           0.159E+05           0.445E-06           0.446E-06           0.100E+01           0.791E-02
 408           0.161E+05           0.413E-06           0.415E-06           0.100E+01           0.777E-02
 416           0.171E+05           0.389E-06           0.390E-06           0.100E+01           0.768E-02
 424           0.177E+05           0.370E-06           0.371E-06           0.100E+01           0.753E-02
 432           0.182E+05           0.351E-06           0.352E-06           0.100E+01           0.743E-02
 440           0.188E+05           0.335E-06           0.336E-06           0.100E+01           0.724E-02
 448           0.196E+05           0.321E-06           0.323E-06           0.100E+01           0.709E-02
 456           0.207E+05           0.300E-06           0.301E-06           0.100E+01           0.691E-02
 464           0.210E+05           0.288E-06           0.290E-06           0.100E+01           0.691E-02
 472           0.217E+05           0.271E-06           0.272E-06           0.100E+01           0.668E-02
 480           0.229E+05           0.261E-06           0.262E-06           0.100E+01           0.658E-02
 488           0.233E+05           0.245E-06           0.247E-06           0.100E+01           0.659E-02
 496           0.243E+05           0.237E-06           0.238E-06           0.100E+01           0.641E-02
 504           0.244E+05           0.225E-06           0.227E-06           0.100E+01           0.636E-02
 512           0.258E+05           0.219E-06           0.220E-06           0.100E+01           0.625E-02
