   0           0.100E+01           0.100E+01           0.100E+01           0.100E+01           0.100E+01
   1           0.900E+01           0.105E-03           0.105E-03           0.100E+01           0.334E+00
   2           0.310E+02           0.237E-04           0.237E-04           0.100E+01           0.166E+00
   3           0.490E+02           0.754E-05           0.754E-05           0.100E+01           0.130E+00
   4           0.105E+03           0.552E-05           0.552E-05           0.100E+01           0.105E+00
   5           0.175E+03           0.266E-05           0.266E-05           0.100E+01           0.741E-01
   6           0.225E+03           0.159E-05           0.159E-05           0.100E+01           0.598E-01
   7           0.301E+03           0.117E-05           0.117E-05           0.100E+01           0.576E-01
   8           0.381E+03           0.839E-06           0.839E-06           0.100E+01           0.483E-01
   9           0.571E+03           0.653E-06           0.653E-06           0.100E+01           0.433E-01
  10           0.625E+03           0.454E-06           0.454E-06           0.100E+01           0.407E-01
  11           0.729E+03           0.366E-06           0.366E-06           0.100E+01           0.363E-01
  12           0.907E+03           0.289E-06           0.289E-06           0.100E+01           0.337E-01
  13           0.109E+04           0.227E-06           0.227E-06           0.100E+01           0.308E-01
  14           0.125E+04           0.198E-06           0.198E-06           0.100E+01           0.271E-01
  15           0.131E+04           0.172E-06           0.172E-06           0.100E+01           0.273E-01
  16           0.167E+04           0.154E-06           0.154E-06           0.100E+01           0.253E-01
  17           0.186E+04           0.124E-06           0.124E-06           0.100E+01           0.232E-01
  18           0.208E+04           0.107E-06           0.107E-06           0.100E+01           0.215E-01
  19           0.218E+04           0.942E-07           0.942E-07           0.100E+01           0.218E-01
  20           0.252E+04           0.828E-07           0.828E-07           0.100E+01           0.196E-01
  21           0.286E+04           0.708E-07           0.708E-07           0.100E+01           0.184E-01
  22           0.299E+04           0.624E-07           0.624E-07           0.100E+01           0.182E-01
  23           0.330E+04           0.549E-07           0.549E-07           0.100E+01           0.175E-01
  24           0.356E+04           0.509E-07           0.509E-07           0.100E+01           0.166E-01
  25           0.402E+04           0.451E-07           0.451E-07           0.100E+01           0.156E-01
  26           0.430E+04           0.404E-07           0.404E-07           0.100E+01           0.156E-01
  27           0.453E+04           0.369E-07           0.369E-07           0.100E+01           0.149E-01
  28           0.498E+04           0.335E-07           0.335E-07           0.100E+01           0.140E-01
  29           0.528E+04           0.296E-07           0.297E-07           0.100E+01           0.137E-01
  30           0.561E+04           0.277E-07           0.277E-07           0.100E+01           0.134E-01
  31           0.607E+04           0.251E-07           0.251E-07           0.100E+01           0.128E-01
  32           0.630E+04           0.235E-07           0.235E-07           0.100E+01           0.127E-01
  33           0.690E+04           0.210E-07           0.210E-07           0.100E+01           0.120E-01
  34           0.738E+04           0.199E-07           0.199E-07           0.100E+01           0.116E-01
  35           0.760E+04           0.186E-07           0.186E-07           0.100E+01           0.114E-01
  36           0.823E+04           0.168E-07           0.169E-07           0.100E+01           0.112E-01
  37           0.858E+04           0.158E-07           0.158E-07           0.100E+01           0.108E-01
  38           0.913E+04           0.143E-07           0.144E-07           0.100E+01           0.104E-01
  39           0.938E+04           0.139E-07           0.139E-07           0.100E+01           0.104E-01
  40           0.101E+05           0.128E-07           0.128E-07           0.100E+01           0.992E-02
  41           0.107E+05           0.119E-07           0.119E-07           0.100E+01           0.961E-02
  42           0.110E+05           0.113E-07           0.113E-07           0.100E+01           0.964E-02
  43           0.117E+05           0.106E-07           0.106E-07           0.100E+01           0.924E-02
  44           0.120E+05           0.985E-08           0.986E-08           0.100E+01           0.913E-02
  45           0.130E+05           0.941E-08           0.943E-08           0.100E+01           0.873E-02
  46           0.131E+05           0.861E-08           0.863E-08           0.100E+01           0.882E-02
  47           0.138E+05           0.825E-08           0.827E-08           0.100E+01           0.848E-02
  48           0.145E+05           0.790E-08           0.792E-08           0.100E+01           0.832E-02
  49           0.152E+05           0.744E-08           0.746E-08           0.100E+01           0.812E-02
  50           0.159E+05           0.703E-08           0.705E-08           0.100E+01           0.794E-02
  51           0.161E+05           0.660E-08           0.661E-08           0.100E+01           0.792E-02
  52           0.171E+05           0.635E-08           0.637E-08           0.100E+01           0.764E-02
  53           0.177E+05           0.599E-08           0.601E-08           0.100E+01           0.755E-02
  54           0.182E+05           0.579E-08           0.581E-08           0.100E+01           0.738E-02
  55           0.188E+05           0.540E-08           0.542E-08           0.100E+01           0.735E-02
  56           0.196E+05           0.511E-08           0.513E-08           0.100E+01           0.725E-02
  57           0.207E+05           0.492E-08           0.494E-08           0.100E+01           0.697E-02
  58           0.210E+05           0.473E-08           0.475E-08           0.100E+01           0.692E-02
  59           0.217E+05           0.452E-08           0.454E-08           0.100E+01           0.686E-02
  60           0.229E+05           0.429E-08           0.431E-08           0.100E+01           0.669E-02
  61           0.233E+05           0.407E-08           0.410E-08           0.100E+01           0.656E-02
  62           0.243E+05           0.390E-08           0.392E-08           0.100E+01           0.644E-02
  63           0.244E+05           0.375E-08           0.377E-08           0.100E+01           0.633E-02
  64           0.258E+05           0.355E-08           0.357E-08           0.100E+01           0.621E-02
  66           0.690E+04           0.329E-08           0.329E-08           0.100E+01           0.120E-01
  68           0.738E+04           0.308E-08           0.308E-08           0.100E+01           0.117E-01
  70           0.760E+04           0.275E-08           0.276E-08           0.100E+01           0.115E-01
  72           0.823E+04           0.263E-08           0.264E-08           0.100E+01           0.109E-01
  74           0.858E+04           0.242E-08           0.242E-08           0.100E+01           0.105E-01
  76           0.913E+04           0.224E-08           0.224E-08           0.100E+01           0.107E-01
  78           0.938E+04           0.211E-08           0.212E-08           0.100E+01           0.105E-01
  80           0.101E+05           0.197E-08           0.197E-08           0.100E+01           0.985E-02
  82           0.107E+05           0.183E-08           0.184E-08           0.100E+01           0.960E-02
  84           0.110E+05           0.174E-08           0.174E-08           0.100E+01           0.957E-02
  86           0.117E+05           0.158E-08           0.158E-08           0.100E+01           0.915E-02
  88           0.120E+05           0.151E-08           0.151E-08           0.100E+01           0.933E-02
  90           0.130E+05           0.142E-08           0.143E-08           0.100E+01           0.887E-02
  92           0.131E+05           0.134E-08           0.134E-08           0.100E+01           0.892E-02
  94           0.138E+05           0.126E-08           0.126E-08           0.100E+01           0.830E-02
  96           0.145E+05           0.119E-08           0.119E-08           0.100E+01           0.826E-02
  98           0.152E+05           0.112E-08           0.113E-08           0.100E+01           0.810E-02
 100           0.159E+05           0.105E-08           0.105E-08           0.100E+01           0.794E-02
 102           0.161E+05           0.101E-08           0.101E-08           0.100E+01           0.781E-02
 104           0.171E+05           0.948E-09           0.951E-09           0.100E+01           0.758E-02
 106           0.177E+05           0.896E-09           0.899E-09           0.100E+01           0.758E-02
 108           0.182E+05           0.863E-09           0.866E-09           0.100E+01           0.751E-02
 110           0.188E+05           0.814E-09           0.817E-09           0.100E+01           0.721E-02
 112           0.196E+05           0.772E-09           0.775E-09           0.100E+01           0.717E-02
 114           0.207E+05           0.751E-09           0.755E-09           0.100E+01           0.695E-02
 116           0.210E+05           0.703E-09           0.706E-09           0.100E+01           0.687E-02
 118           0.217E+05           0.675E-09           0.679E-09           0.100E+01           0.672E-02
 120           0.229E+05           0.651E-09           0.654E-09           0.100E+01           0.667E-02
 122           0.233E+05           0.615E-09           0.619E-09           0.100E+01           0.659E-02
 124           0.243E+05           0.590E-09           0.593E-09           0.100E+01           0.643E-02
 126           0.244E+05           0.565E-09           0.568E-09           0.100E+01           0.635E-02
 128           0.258E+05           0.539E-09           0.542E-09           0.100E+01           0.624E-02
 132           0.690E+04           0.498E-09           0.498E-09           0.100E+01           0.123E-01
 136           0.738E+04           0.463E-09           0.464E-09           0.100E+01           0.120E-01
 140           0.760E+04           0.444E-09           0.444E-09           0.100E+01           0.123E-01
 144           0.823E+04           0.427E-09           0.427E-09           0.100E+01           0.126E-01
 148           0.858E+04           0.429E-09           0.429E-09           0.100E+01           0.149E-01
 152           0.913E+04           0.411E-09           0.411E-09           0.100E+01           0.153E-01
 156           0.938E+04           0.443E-09           0.443E-09           0.100E+01           0.192E-01
 160           0.101E+05           0.488E-09           0.488E-09           0.100E+01           0.219E-01
 164           0.107E+05           0.502E-09           0.503E-09           0.100E+01           0.228E-01
 168           0.110E+05           0.600E-09           0.601E-09           0.100E+01           0.278E-01
 172           0.117E+05           0.629E-09           0.630E-09           0.100E+01           0.286E-01
 176           0.120E+05           0.762E-09           0.763E-09           0.100E+01           0.298E-01
 180           0.130E+05           0.916E-09           0.917E-09           0.100E+01           0.350E-01
 184           0.131E+05           0.113E-08           0.113E-08           0.100E+01           0.365E-01
 188           0.138E+05           0.135E-08           0.135E-08           0.100E+01           0.402E-01
 192           0.145E+05           0.171E-08           0.171E-08           0.100E+01           0.415E-01
 196           0.152E+05           0.209E-08           0.210E-08           0.100E+01           0.422E-01
 200           0.159E+05           0.273E-08           0.273E-08           0.100E+01           0.452E-01
 204           0.161E+05           0.354E-08           0.355E-08           0.100E+01           0.487E-01
 208           0.171E+05           0.463E-08           0.464E-08           0.100E+01           0.501E-01
 212           0.177E+05           0.705E-08           0.707E-08           0.100E+01           0.580E-01
 216           0.182E+05           0.942E-08           0.945E-08           0.100E+01           0.677E-01
 220           0.188E+05           0.141E-07           0.141E-07           0.100E+01           0.703E-01
 224           0.196E+05           0.195E-07           0.196E-07           0.100E+01           0.834E-01
 228           0.207E+05           0.306E-07           0.307E-07           0.100E+01           0.831E-01
 232           0.210E+05           0.453E-07           0.455E-07           0.100E+01           0.102E+00
 236           0.217E+05           0.742E-07           0.745E-07           0.100E+01           0.111E+00
 240           0.229E+05           0.116E-06           0.116E-06           0.100E+01           0.121E+00
 244           0.233E+05           0.130E-06           0.130E-06           0.100E+01           0.137E+00
 248           0.243E+05           0.199E-06           0.200E-06           0.100E+01           0.145E+00
 252           0.244E+05           0.183E-06           0.184E-06           0.100E+01           0.120E+00
 256           0.258E+05           0.180E-06           0.181E-06           0.100E+01           0.139E+00
 264           0.690E+04           0.103E-06           0.103E-06           0.100E+01           0.169E+00
 272           0.738E+04           0.103E-06           0.103E-06           0.100E+01           0.210E+00
 280           0.760E+04           0.518E-07           0.518E-07           0.100E+01           0.132E+00
 288           0.823E+04           0.309E-07           0.309E-07           0.100E+01           0.115E+00
 296           0.858E+04           0.226E-07           0.227E-07           0.100E+01           0.801E-01
 304           0.913E+04           0.181E-07           0.182E-07           0.100E+01           0.534E-01
 312           0.938E+04           0.163E-07           0.163E-07           0.100E+01           0.516E-01
 320           0.101E+05           0.297E-07           0.297E-07           0.100E+01           0.646E-01
 328           0.107E+05           0.277E-07           0.277E-07           0.100E+01           0.782E-01
 336           0.110E+05           0.888E-07           0.889E-07           0.100E+01           0.105E+00
 344           0.117E+05           0.774E-07           0.775E-07           0.100E+01           0.120E+00
 352           0.120E+05           0.908E-07           0.910E-07           0.100E+01           0.125E+00
 360           0.130E+05           0.168E-06           0.169E-06           0.100E+01           0.885E-01
 368           0.131E+05           0.775E-07           0.776E-07           0.100E+01           0.992E-01
 376           0.138E+05           0.128E-06           0.129E-06           0.100E+01           0.901E-01
 384           0.145E+05           0.662E-07           0.664E-07           0.100E+01           0.707E-01
 392           0.152E+05           0.491E-07           0.493E-07           0.100E+01           0.778E-01
 400           0.159E+05           0.639E-07           0.641E-07           0.100E+01           0.508E-01
 408           0.161E+05           0.394E-07           0.395E-07           0.100E+01           0.606E-01
 416           0.171E+05           0.404E-07           0.405E-07           0.100E+01           0.565E-01
 424           0.177E+05           0.459E-07           0.461E-07           0.100E+01           0.691E-01
 432           0.182E+05           0.508E-07           0.510E-07           0.100E+01           0.735E-01
 440           0.188E+05           0.536E-07           0.538E-07           0.100E+01           0.901E-01
 448           0.196E+05           0.399E-07           0.401E-07           0.100E+01           0.828E-01
 456           0.207E+05           0.510E-07           0.512E-07           0.100E+01           0.716E-01
 464           0.210E+05           0.483E-07           0.485E-07           0.100E+01           0.643E-01
 472           0.217E+05           0.331E-07           0.333E-07           0.100E+01           0.587E-01
 480           0.229E+05           0.384E-07           0.386E-07           0.100E+01           0.475E-01
 488           0.233E+05           0.398E-07           0.400E-07           0.100E+01           0.487E-01
 496           0.243E+05           0.379E-07           0.381E-07           0.100E+01           0.495E-01
 504           0.244E+05           0.379E-07           0.381E-07           0.100E+01           0.462E-01
 512           0.258E+05           0.486E-07           0.489E-07           0.100E+01           0.461E-01
