   0           0.100E+01           0.100E+01           0.100E+01           0.100E+01           0.100E+01
   1           0.900E+01           0.317E-01           0.317E-01           0.100E+01           0.278E+00
   2           0.310E+02           0.151E-01           0.151E-01           0.100E+01           0.131E+00
   3           0.490E+02           0.885E-02           0.885E-02           0.100E+01           0.128E+00
   4           0.105E+03           0.629E-02           0.629E-02           0.100E+01           0.975E-01
   5           0.175E+03           0.479E-02           0.479E-02           0.100E+01           0.726E-01
   6           0.225E+03           0.432E-02           0.432E-02           0.100E+01           0.626E-01
   7           0.301E+03           0.392E-02           0.392E-02           0.100E+01           0.546E-01
   8           0.381E+03           0.331E-02           0.331E-02           0.100E+01           0.481E-01
   9           0.571E+03           0.302E-02           0.302E-02           0.100E+01           0.371E-01
  10           0.625E+03           0.258E-02           0.258E-02           0.100E+01           0.380E-01
  11           0.729E+03           0.242E-02           0.242E-02           0.100E+01           0.354E-01
  12           0.907E+03           0.223E-02           0.223E-02           0.100E+01           0.299E-01
  13           0.109E+04           0.206E-02           0.206E-02           0.100E+01           0.285E-01
  14           0.125E+04           0.179E-02           0.179E-02           0.100E+01           0.286E-01
  15           0.131E+04           0.164E-02           0.164E-02           0.100E+01           0.260E-01
  16           0.167E+04           0.153E-02           0.153E-02           0.100E+01           0.239E-01
  17           0.186E+04           0.145E-02           0.145E-02           0.100E+01           0.228E-01
  18           0.208E+04           0.136E-02           0.136E-02           0.100E+01           0.206E-01
  19           0.218E+04           0.127E-02           0.127E-02           0.100E+01           0.207E-01
  20           0.252E+04           0.106E-02           0.106E-02           0.100E+01           0.192E-01
  21           0.286E+04           0.992E-03           0.992E-03           0.100E+01           0.181E-01
  22           0.299E+04           0.919E-03           0.919E-03           0.100E+01           0.178E-01
  23           0.330E+04           0.866E-03           0.866E-03           0.100E+01           0.170E-01
  24           0.356E+04           0.803E-03           0.803E-03           0.100E+01           0.163E-01
  25           0.402E+04           0.760E-03           0.761E-03           0.100E+01           0.156E-01
  26           0.430E+04           0.715E-03           0.715E-03           0.100E+01           0.150E-01
  27           0.453E+04           0.697E-03           0.697E-03           0.100E+01           0.146E-01
  28           0.498E+04           0.655E-03           0.655E-03           0.100E+01           0.139E-01
  29           0.528E+04           0.619E-03           0.619E-03           0.100E+01           0.133E-01
  30           0.561E+04           0.571E-03           0.571E-03           0.100E+01           0.131E-01
  31           0.607E+04           0.541E-03           0.541E-03           0.100E+01           0.126E-01
  32           0.630E+04           0.513E-03           0.513E-03           0.100E+01           0.122E-01
  33           0.690E+04           0.484E-03           0.484E-03           0.100E+01           0.117E-01
  34           0.738E+04           0.465E-03           0.465E-03           0.100E+01           0.115E-01
  35           0.760E+04           0.441E-03           0.441E-03           0.100E+01           0.112E-01
  36           0.823E+04           0.419E-03           0.419E-03           0.100E+01           0.108E-01
  37           0.858E+04           0.406E-03           0.407E-03           0.100E+01           0.107E-01
  38           0.913E+04           0.385E-03           0.385E-03           0.100E+01           0.103E-01
  39           0.938E+04           0.370E-03           0.370E-03           0.100E+01           0.101E-01
  40           0.101E+05           0.358E-03           0.359E-03           0.100E+01           0.972E-02
  41           0.107E+05           0.340E-03           0.340E-03           0.100E+01           0.942E-02
  42           0.110E+05           0.327E-03           0.328E-03           0.100E+01           0.949E-02
  43           0.117E+05           0.306E-03           0.307E-03           0.100E+01           0.923E-02
  44           0.120E+05           0.303E-03           0.303E-03           0.100E+01           0.897E-02
  45           0.130E+05           0.286E-03           0.287E-03           0.100E+01           0.847E-02
  46           0.131E+05           0.275E-03           0.276E-03           0.100E+01           0.857E-02
  47           0.138E+05           0.267E-03           0.268E-03           0.100E+01           0.845E-02
  48           0.145E+05           0.259E-03           0.259E-03           0.100E+01           0.825E-02
  49           0.152E+05           0.248E-03           0.249E-03           0.100E+01           0.801E-02
  50           0.159E+05           0.245E-03           0.245E-03           0.100E+01           0.780E-02
  51           0.161E+05           0.230E-03           0.231E-03           0.100E+01           0.760E-02
  52           0.171E+05           0.219E-03           0.219E-03           0.100E+01           0.753E-02
  53           0.177E+05           0.214E-03           0.215E-03           0.100E+01           0.742E-02
  54           0.182E+05           0.206E-03           0.207E-03           0.100E+01           0.736E-02
  55           0.188E+05           0.197E-03           0.197E-03           0.100E+01           0.714E-02
  56           0.196E+05           0.192E-03           0.192E-03           0.100E+01           0.703E-02
  57           0.207E+05           0.188E-03           0.189E-03           0.100E+01           0.685E-02
  58           0.210E+05           0.181E-03           0.182E-03           0.100E+01           0.677E-02
  59           0.217E+05           0.177E-03           0.178E-03           0.100E+01           0.666E-02
  60           0.229E+05           0.166E-03           0.166E-03           0.100E+01           0.649E-02
  61           0.233E+05           0.161E-03           0.161E-03           0.100E+01           0.643E-02
  62           0.243E+05           0.155E-03           0.156E-03           0.100E+01           0.637E-02
  63           0.244E+05           0.153E-03           0.154E-03           0.100E+01           0.629E-02
  64           0.258E+05           0.147E-03           0.148E-03           0.100E+01           0.614E-02
  66           0.690E+04           0.141E-03           0.141E-03           0.100E+01           0.116E-01
  68           0.738E+04           0.130E-03           0.130E-03           0.100E+01           0.115E-01
  70           0.760E+04           0.128E-03           0.128E-03           0.100E+01           0.113E-01
  72           0.823E+04           0.118E-03           0.118E-03           0.100E+01           0.109E-01
  74           0.858E+04           0.109E-03           0.109E-03           0.100E+01           0.107E-01
  76           0.913E+04           0.105E-03           0.106E-03           0.100E+01           0.104E-01
  78           0.938E+04           0.975E-04           0.976E-04           0.100E+01           0.101E-01
  80           0.101E+05           0.949E-04           0.950E-04           0.100E+01           0.976E-02
  82           0.107E+05           0.893E-04           0.894E-04           0.100E+01           0.967E-02
  84           0.110E+05           0.849E-04           0.850E-04           0.100E+01           0.928E-02
  86           0.117E+05           0.811E-04           0.812E-04           0.100E+01           0.913E-02
  88           0.120E+05           0.771E-04           0.772E-04           0.100E+01           0.900E-02
  90           0.130E+05           0.739E-04           0.740E-04           0.100E+01           0.879E-02
  92           0.131E+05           0.716E-04           0.717E-04           0.100E+01           0.860E-02
  94           0.138E+05           0.686E-04           0.688E-04           0.100E+01           0.836E-02
  96           0.145E+05           0.645E-04           0.647E-04           0.100E+01           0.814E-02
  98           0.152E+05           0.624E-04           0.626E-04           0.100E+01           0.796E-02
 100           0.159E+05           0.597E-04           0.598E-04           0.100E+01           0.789E-02
 102           0.161E+05           0.573E-04           0.574E-04           0.100E+01           0.776E-02
 104           0.171E+05           0.548E-04           0.549E-04           0.100E+01           0.759E-02
 106           0.177E+05           0.518E-04           0.520E-04           0.100E+01           0.743E-02
 108           0.182E+05           0.505E-04           0.507E-04           0.100E+01           0.728E-02
 110           0.188E+05           0.485E-04           0.487E-04           0.100E+01           0.715E-02
 112           0.196E+05           0.468E-04           0.470E-04           0.100E+01           0.711E-02
 114           0.207E+05           0.450E-04           0.451E-04           0.100E+01           0.681E-02
 116           0.210E+05           0.433E-04           0.435E-04           0.100E+01           0.680E-02
 118           0.217E+05           0.413E-04           0.415E-04           0.100E+01           0.676E-02
 120           0.229E+05           0.399E-04           0.401E-04           0.100E+01           0.664E-02
 122           0.233E+05           0.386E-04           0.388E-04           0.100E+01           0.643E-02
 124           0.243E+05           0.367E-04           0.369E-04           0.100E+01           0.639E-02
 126           0.244E+05           0.356E-04           0.358E-04           0.100E+01           0.632E-02
 128           0.258E+05           0.346E-04           0.348E-04           0.100E+01           0.619E-02
 132           0.690E+04           0.326E-04           0.326E-04           0.100E+01           0.119E-01
 136           0.738E+04           0.296E-04           0.296E-04           0.100E+01           0.114E-01
 140           0.760E+04           0.283E-04           0.283E-04           0.100E+01           0.116E-01
 144           0.823E+04           0.263E-04           0.264E-04           0.100E+01           0.110E-01
 148           0.858E+04           0.247E-04           0.247E-04           0.100E+01           0.108E-01
 152           0.913E+04           0.234E-04           0.234E-04           0.100E+01           0.106E-01
 156           0.938E+04           0.214E-04           0.214E-04           0.100E+01           0.103E-01
 160           0.101E+05           0.207E-04           0.207E-04           0.100E+01           0.975E-02
 164           0.107E+05           0.192E-04           0.192E-04           0.100E+01           0.968E-02
 168           0.110E+05           0.176E-04           0.176E-04           0.100E+01           0.937E-02
 172           0.117E+05           0.169E-04           0.169E-04           0.100E+01           0.916E-02
 176           0.120E+05           0.161E-04           0.161E-04           0.100E+01           0.898E-02
 180           0.130E+05           0.151E-04           0.151E-04           0.100E+01           0.884E-02
 184           0.131E+05           0.142E-04           0.142E-04           0.100E+01           0.850E-02
 188           0.138E+05           0.137E-04           0.137E-04           0.100E+01           0.869E-02
 192           0.145E+05           0.127E-04           0.128E-04           0.100E+01           0.817E-02
 196           0.152E+05           0.123E-04           0.124E-04           0.100E+01           0.810E-02
 200           0.159E+05           0.116E-04           0.116E-04           0.100E+01           0.796E-02
 204           0.161E+05           0.111E-04           0.111E-04           0.100E+01           0.781E-02
 208           0.171E+05           0.106E-04           0.106E-04           0.100E+01           0.754E-02
 212           0.177E+05           0.100E-04           0.100E-04           0.100E+01           0.758E-02
 216           0.182E+05           0.963E-05           0.966E-05           0.100E+01           0.743E-02
 220           0.188E+05           0.909E-05           0.913E-05           0.100E+01           0.724E-02
 224           0.196E+05           0.862E-05           0.865E-05           0.100E+01           0.708E-02
 228           0.207E+05           0.825E-05           0.828E-05           0.100E+01           0.695E-02
 232           0.210E+05           0.792E-05           0.796E-05           0.100E+01           0.684E-02
 236           0.217E+05           0.760E-05           0.763E-05           0.100E+01           0.684E-02
 240           0.229E+05           0.724E-05           0.728E-05           0.100E+01           0.657E-02
 244           0.233E+05           0.694E-05           0.698E-05           0.100E+01           0.660E-02
 248           0.243E+05           0.665E-05           0.669E-05           0.100E+01           0.649E-02
 252           0.244E+05           0.634E-05           0.638E-05           0.100E+01           0.643E-02
 256           0.258E+05           0.606E-05           0.610E-05           0.100E+01           0.626E-02
 264           0.690E+04           0.557E-05           0.558E-05           0.100E+01           0.120E-01
 272           0.738E+04           0.519E-05           0.519E-05           0.100E+01           0.117E-01
 280           0.760E+04           0.479E-05           0.480E-05           0.100E+01           0.114E-01
 288           0.823E+04           0.445E-05           0.445E-05           0.100E+01           0.109E-01
 296           0.858E+04           0.416E-05           0.416E-05           0.100E+01           0.109E-01
 304           0.913E+04           0.382E-05           0.382E-05           0.100E+01           0.106E-01
 312           0.938E+04           0.364E-05           0.364E-05           0.100E+01           0.101E-01
 320           0.101E+05           0.335E-05           0.335E-05           0.100E+01           0.100E-01
 328           0.107E+05           0.313E-05           0.314E-05           0.100E+01           0.956E-02
 336           0.110E+05           0.291E-05           0.292E-05           0.100E+01           0.959E-02
 344           0.117E+05           0.278E-05           0.278E-05           0.100E+01           0.917E-02
 352           0.120E+05           0.259E-05           0.260E-05           0.100E+01           0.924E-02
 360           0.130E+05           0.245E-05           0.246E-05           0.100E+01           0.889E-02
 368           0.131E+05           0.227E-05           0.227E-05           0.100E+01           0.897E-02
 376           0.138E+05           0.211E-05           0.211E-05           0.100E+01           0.854E-02
 384           0.145E+05           0.202E-05           0.202E-05           0.100E+01           0.834E-02
 392           0.152E+05           0.186E-05           0.187E-05           0.100E+01           0.807E-02
 400           0.159E+05           0.179E-05           0.179E-05           0.100E+01           0.799E-02
 408           0.161E+05           0.168E-05           0.169E-05           0.100E+01           0.798E-02
 416           0.171E+05           0.159E-05           0.160E-05           0.100E+01           0.768E-02
 424           0.177E+05           0.150E-05           0.150E-05           0.100E+01           0.754E-02
 432           0.182E+05           0.141E-05           0.142E-05           0.100E+01           0.746E-02
 440           0.188E+05           0.134E-05           0.134E-05           0.100E+01           0.725E-02
 448           0.196E+05           0.128E-05           0.129E-05           0.100E+01           0.716E-02
 456           0.207E+05           0.121E-05           0.121E-05           0.100E+01           0.695E-02
 464           0.210E+05           0.115E-05           0.116E-05           0.100E+01           0.693E-02
 472           0.217E+05           0.109E-05           0.109E-05           0.100E+01           0.677E-02
 480           0.229E+05           0.104E-05           0.104E-05           0.100E+01           0.661E-02
 488           0.233E+05           0.985E-06           0.990E-06           0.100E+01           0.654E-02
 496           0.243E+05           0.926E-06           0.932E-06           0.100E+01           0.643E-02
 504           0.244E+05           0.890E-06           0.895E-06           0.100E+01           0.636E-02
 512           0.258E+05           0.844E-06           0.850E-06           0.100E+01           0.623E-02
