   0           0.100E+01           0.100E+01           0.100E+01           0.100E+01           0.100E+01
   1           0.900E+01           0.495E-03           0.495E-03           0.100E+01           0.277E+00
   2           0.310E+02           0.146E-04           0.146E-04           0.100E+01           0.156E+00
   3           0.490E+02           0.102E-04           0.102E-04           0.100E+01           0.139E+00
   4           0.105E+03           0.550E-05           0.550E-05           0.100E+01           0.106E+00
   5           0.175E+03           0.250E-05           0.250E-05           0.100E+01           0.717E-01
   6           0.225E+03           0.165E-05           0.165E-05           0.100E+01           0.668E-01
   7           0.301E+03           0.123E-05           0.123E-05           0.100E+01           0.591E-01
   8           0.381E+03           0.909E-06           0.909E-06           0.100E+01           0.517E-01
   9           0.571E+03           0.602E-06           0.602E-06           0.100E+01           0.408E-01
  10           0.625E+03           0.502E-06           0.502E-06           0.100E+01           0.436E-01
  11           0.729E+03           0.365E-06           0.365E-06           0.100E+01           0.357E-01
  12           0.907E+03           0.322E-06           0.322E-06           0.100E+01           0.317E-01
  13           0.109E+04           0.247E-06           0.247E-06           0.100E+01           0.297E-01
  14           0.125E+04           0.214E-06           0.214E-06           0.100E+01           0.287E-01
  15           0.131E+04           0.175E-06           0.175E-06           0.100E+01           0.276E-01
  16           0.167E+04           0.154E-06           0.154E-06           0.100E+01           0.247E-01
  17           0.186E+04           0.120E-06           0.120E-06           0.100E+01           0.234E-01
  18           0.208E+04           0.107E-06           0.107E-06           0.100E+01           0.208E-01
  19           0.218E+04           0.978E-07           0.978E-07           0.100E+01           0.212E-01
  20           0.252E+04           0.820E-07           0.820E-07           0.100E+01           0.195E-01
  21           0.286E+04           0.709E-07           0.709E-07           0.100E+01           0.192E-01
  22           0.299E+04           0.643E-07           0.643E-07           0.100E+01           0.180E-01
  23           0.330E+04           0.570E-07           0.570E-07           0.100E+01           0.171E-01
  24           0.356E+04           0.523E-07           0.523E-07           0.100E+01           0.168E-01
  25           0.402E+04           0.458E-07           0.458E-07           0.100E+01           0.162E-01
  26           0.430E+04           0.410E-07           0.410E-07           0.100E+01           0.148E-01
  27           0.453E+04           0.369E-07           0.369E-07           0.100E+01           0.147E-01
  28           0.498E+04           0.333E-07           0.333E-07           0.100E+01           0.145E-01
  29           0.528E+04           0.299E-07           0.300E-07           0.100E+01           0.138E-01
  30           0.561E+04           0.283E-07           0.283E-07           0.100E+01           0.133E-01
  31           0.607E+04           0.256E-07           0.256E-07           0.100E+01           0.129E-01
  32           0.630E+04           0.243E-07           0.243E-07           0.100E+01           0.126E-01
  33           0.690E+04           0.222E-07           0.223E-07           0.100E+01           0.120E-01
  34           0.738E+04           0.201E-07           0.201E-07           0.100E+01           0.118E-01
  35           0.760E+04           0.188E-07           0.188E-07           0.100E+01           0.113E-01
  36           0.823E+04           0.169E-07           0.169E-07           0.100E+01           0.112E-01
  37           0.858E+04           0.161E-07           0.161E-07           0.100E+01           0.108E-01
  38           0.913E+04           0.149E-07           0.150E-07           0.100E+01           0.105E-01
  39           0.938E+04           0.141E-07           0.141E-07           0.100E+01           0.104E-01
  40           0.101E+05           0.131E-07           0.131E-07           0.100E+01           0.984E-02
  41           0.107E+05           0.121E-07           0.121E-07           0.100E+01           0.982E-02
  42           0.110E+05           0.114E-07           0.114E-07           0.100E+01           0.941E-02
  43           0.117E+05           0.105E-07           0.106E-07           0.100E+01           0.927E-02
  44           0.120E+05           0.997E-08           0.999E-08           0.100E+01           0.898E-02
  45           0.130E+05           0.950E-08           0.952E-08           0.100E+01           0.874E-02
  46           0.131E+05           0.906E-08           0.908E-08           0.100E+01           0.875E-02
  47           0.138E+05           0.854E-08           0.856E-08           0.100E+01           0.850E-02
  48           0.145E+05           0.796E-08           0.798E-08           0.100E+01           0.832E-02
  49           0.152E+05           0.763E-08           0.765E-08           0.100E+01           0.819E-02
  50           0.159E+05           0.718E-08           0.720E-08           0.100E+01           0.785E-02
  51           0.161E+05           0.679E-08           0.681E-08           0.100E+01           0.795E-02
  52           0.171E+05           0.638E-08           0.640E-08           0.100E+01           0.760E-02
  53           0.177E+05           0.605E-08           0.607E-08           0.100E+01           0.744E-02
  54           0.182E+05           0.576E-08           0.578E-08           0.100E+01           0.739E-02
  55           0.188E+05           0.552E-08           0.554E-08           0.100E+01           0.728E-02
  56           0.196E+05           0.529E-08           0.531E-08           0.100E+01           0.719E-02
  57           0.207E+05           0.502E-08           0.504E-08           0.100E+01           0.700E-02
  58           0.210E+05           0.477E-08           0.479E-08           0.100E+01           0.686E-02
  59           0.217E+05           0.454E-08           0.456E-08           0.100E+01           0.678E-02
  60           0.229E+05           0.436E-08           0.438E-08           0.100E+01           0.660E-02
  61           0.233E+05           0.411E-08           0.413E-08           0.100E+01           0.656E-02
  62           0.243E+05           0.398E-08           0.400E-08           0.100E+01           0.641E-02
  63           0.244E+05           0.378E-08           0.380E-08           0.100E+01           0.642E-02
  64           0.258E+05           0.363E-08           0.366E-08           0.100E+01           0.623E-02
  66           0.690E+04           0.337E-08           0.337E-08           0.100E+01           0.121E-01
  68           0.738E+04           0.307E-08           0.307E-08           0.100E+01           0.115E-01
  70           0.760E+04           0.283E-08           0.283E-08           0.100E+01           0.117E-01
  72           0.823E+04           0.264E-08           0.264E-08           0.100E+01           0.111E-01
  74           0.858E+04           0.246E-08           0.246E-08           0.100E+01           0.108E-01
  76           0.913E+04           0.227E-08           0.227E-08           0.100E+01           0.104E-01
  78           0.938E+04           0.213E-08           0.213E-08           0.100E+01           0.104E-01
  80           0.101E+05           0.198E-08           0.198E-08           0.100E+01           0.993E-02
  82           0.107E+05           0.185E-08           0.185E-08           0.100E+01           0.971E-02
  84           0.110E+05           0.175E-08           0.175E-08           0.100E+01           0.952E-02
  86           0.117E+05           0.162E-08           0.162E-08           0.100E+01           0.921E-02
  88           0.120E+05           0.153E-08           0.153E-08           0.100E+01           0.915E-02
  90           0.130E+05           0.141E-08           0.141E-08           0.100E+01           0.892E-02
  92           0.131E+05           0.136E-08           0.136E-08           0.100E+01           0.881E-02
  94           0.138E+05           0.128E-08           0.128E-08           0.100E+01           0.863E-02
  96           0.145E+05           0.120E-08           0.121E-08           0.100E+01           0.830E-02
  98           0.152E+05           0.113E-08           0.113E-08           0.100E+01           0.810E-02
 100           0.159E+05           0.108E-08           0.108E-08           0.100E+01           0.800E-02
 102           0.161E+05           0.102E-08           0.102E-08           0.100E+01           0.786E-02
 104           0.171E+05           0.964E-09           0.967E-09           0.100E+01           0.774E-02
 106           0.177E+05           0.925E-09           0.928E-09           0.100E+01           0.765E-02
 108           0.182E+05           0.871E-09           0.874E-09           0.100E+01           0.742E-02
 110           0.188E+05           0.829E-09           0.832E-09           0.100E+01           0.732E-02
 112           0.196E+05           0.792E-09           0.795E-09           0.100E+01           0.708E-02
 114           0.207E+05           0.756E-09           0.759E-09           0.100E+01           0.693E-02
 116           0.210E+05           0.718E-09           0.721E-09           0.100E+01           0.691E-02
 118           0.217E+05           0.682E-09           0.686E-09           0.100E+01           0.679E-02
 120           0.229E+05           0.651E-09           0.654E-09           0.100E+01           0.664E-02
 122           0.233E+05           0.621E-09           0.625E-09           0.100E+01           0.657E-02
 124           0.243E+05           0.599E-09           0.602E-09           0.100E+01           0.640E-02
 126           0.244E+05           0.578E-09           0.582E-09           0.100E+01           0.639E-02
 128           0.258E+05           0.556E-09           0.560E-09           0.100E+01           0.628E-02
 132           0.690E+04           0.511E-09           0.511E-09           0.100E+01           0.121E-01
 136           0.738E+04           0.478E-09           0.478E-09           0.100E+01           0.120E-01
 140           0.760E+04           0.464E-09           0.465E-09           0.100E+01           0.131E-01
 144           0.823E+04           0.444E-09           0.444E-09           0.100E+01           0.128E-01
 148           0.858E+04           0.431E-09           0.431E-09           0.100E+01           0.147E-01
 152           0.913E+04           0.448E-09           0.448E-09           0.100E+01           0.160E-01
 156           0.938E+04           0.462E-09           0.463E-09           0.100E+01           0.189E-01
 160           0.101E+05           0.503E-09           0.503E-09           0.100E+01           0.215E-01
 164           0.107E+05           0.533E-09           0.534E-09           0.100E+01           0.242E-01
 168           0.110E+05           0.610E-09           0.611E-09           0.100E+01           0.275E-01
 172           0.117E+05           0.672E-09           0.673E-09           0.100E+01           0.276E-01
 176           0.120E+05           0.846E-09           0.847E-09           0.100E+01           0.329E-01
 180           0.130E+05           0.968E-09           0.970E-09           0.100E+01           0.340E-01
 184           0.131E+05           0.123E-08           0.123E-08           0.100E+01           0.370E-01
 188           0.138E+05           0.146E-08           0.146E-08           0.100E+01           0.401E-01
 192           0.145E+05           0.188E-08           0.188E-08           0.100E+01           0.434E-01
 196           0.152E+05           0.253E-08           0.253E-08           0.100E+01           0.451E-01
 200           0.159E+05           0.331E-08           0.332E-08           0.100E+01           0.476E-01
 204           0.161E+05           0.445E-08           0.446E-08           0.100E+01           0.546E-01
 208           0.171E+05           0.622E-08           0.624E-08           0.100E+01           0.556E-01
 212           0.177E+05           0.947E-08           0.949E-08           0.100E+01           0.673E-01
 216           0.182E+05           0.139E-07           0.139E-07           0.100E+01           0.770E-01
 220           0.188E+05           0.208E-07           0.209E-07           0.100E+01           0.885E-01
 224           0.196E+05           0.327E-07           0.328E-07           0.100E+01           0.929E-01
 228           0.207E+05           0.512E-07           0.514E-07           0.100E+01           0.113E+00
 232           0.210E+05           0.764E-07           0.767E-07           0.100E+01           0.138E+00
 236           0.217E+05           0.106E-06           0.106E-06           0.100E+01           0.105E+00
 240           0.229E+05           0.100E-06           0.101E-06           0.100E+01           0.104E+00
 244           0.233E+05           0.129E-06           0.129E-06           0.100E+01           0.104E+00
 248           0.243E+05           0.128E-06           0.128E-06           0.100E+01           0.116E+00
 252           0.244E+05           0.123E-06           0.123E-06           0.100E+01           0.103E+00
 256           0.258E+05           0.143E-06           0.143E-06           0.100E+01           0.110E+00
 264           0.690E+04           0.124E-06           0.125E-06           0.100E+01           0.212E+00
 272           0.738E+04           0.951E-07           0.952E-07           0.100E+01           0.156E+00
 280           0.760E+04           0.637E-07           0.637E-07           0.100E+01           0.145E+00
 288           0.823E+04           0.473E-07           0.474E-07           0.100E+01           0.127E+00
 296           0.858E+04           0.287E-07           0.288E-07           0.100E+01           0.922E-01
 304           0.913E+04           0.250E-07           0.251E-07           0.100E+01           0.680E-01
 312           0.938E+04           0.212E-07           0.212E-07           0.100E+01           0.633E-01
 320           0.101E+05           0.436E-07           0.437E-07           0.100E+01           0.725E-01
 328           0.107E+05           0.372E-07           0.372E-07           0.100E+01           0.767E-01
 336           0.110E+05           0.832E-07           0.833E-07           0.100E+01           0.854E-01
 344           0.117E+05           0.830E-07           0.832E-07           0.100E+01           0.781E-01
 352           0.120E+05           0.781E-07           0.783E-07           0.100E+01           0.103E+00
 360           0.130E+05           0.137E-06           0.137E-06           0.100E+01           0.698E-01
 368           0.131E+05           0.822E-07           0.824E-07           0.100E+01           0.829E-01
 376           0.138E+05           0.113E-06           0.113E-06           0.100E+01           0.755E-01
 384           0.145E+05           0.650E-07           0.652E-07           0.100E+01           0.664E-01
 392           0.152E+05           0.534E-07           0.536E-07           0.100E+01           0.707E-01
 400           0.159E+05           0.704E-07           0.706E-07           0.100E+01           0.479E-01
 408           0.161E+05           0.444E-07           0.445E-07           0.100E+01           0.524E-01
 416           0.171E+05           0.456E-07           0.458E-07           0.100E+01           0.471E-01
 424           0.177E+05           0.502E-07           0.504E-07           0.100E+01           0.531E-01
 432           0.182E+05           0.582E-07           0.584E-07           0.100E+01           0.628E-01
 440           0.188E+05           0.481E-07           0.483E-07           0.100E+01           0.585E-01
 448           0.196E+05           0.435E-07           0.437E-07           0.100E+01           0.592E-01
 456           0.207E+05           0.520E-07           0.522E-07           0.100E+01           0.512E-01
 464           0.210E+05           0.467E-07           0.469E-07           0.100E+01           0.519E-01
 472           0.217E+05           0.383E-07           0.385E-07           0.100E+01           0.451E-01
 480           0.229E+05           0.424E-07           0.426E-07           0.100E+01           0.440E-01
 488           0.233E+05           0.421E-07           0.424E-07           0.100E+01           0.398E-01
 496           0.243E+05           0.403E-07           0.405E-07           0.100E+01           0.390E-01
 504           0.244E+05           0.399E-07           0.402E-07           0.100E+01           0.373E-01
 512           0.258E+05           0.502E-07           0.505E-07           0.100E+01           0.333E-01
