   0           0.100E+01           0.100E+01           0.100E+01           0.100E+01           0.100E+01
   1           0.900E+01           0.193E-03           0.193E-03           0.100E+01           0.228E+00
   2           0.310E+02           0.587E-04           0.587E-04           0.100E+01           0.189E+00
   3           0.490E+02           0.304E-04           0.304E-04           0.100E+01           0.137E+00
   4           0.105E+03           0.173E-04           0.173E-04           0.100E+01           0.940E-01
   5           0.175E+03           0.866E-05           0.866E-05           0.100E+01           0.755E-01
   6           0.225E+03           0.597E-05           0.597E-05           0.100E+01           0.636E-01
   7           0.301E+03           0.471E-05           0.471E-05           0.100E+01           0.583E-01
   8           0.381E+03           0.320E-05           0.320E-05           0.100E+01           0.528E-01
   9           0.571E+03           0.244E-05           0.244E-05           0.100E+01           0.414E-01
  10           0.625E+03           0.180E-05           0.180E-05           0.100E+01           0.397E-01
  11           0.729E+03           0.147E-05           0.147E-05           0.100E+01           0.376E-01
  12           0.907E+03           0.120E-05           0.120E-05           0.100E+01           0.355E-01
  13           0.109E+04           0.975E-06           0.975E-06           0.100E+01           0.315E-01
  14           0.125E+04           0.819E-06           0.819E-06           0.100E+01           0.271E-01
  15           0.131E+04           0.695E-06           0.695E-06           0.100E+01           0.284E-01
  16           0.167E+04           0.595E-06           0.595E-06           0.100E+01           0.246E-01
  17           0.186E+04           0.497E-06           0.497E-06           0.100E+01           0.224E-01
  18           0.208E+04           0.436E-06           0.437E-06           0.100E+01           0.208E-01
  19           0.218E+04           0.380E-06           0.380E-06           0.100E+01           0.211E-01
  20           0.252E+04           0.337E-06           0.337E-06           0.100E+01           0.202E-01
  21           0.286E+04           0.299E-06           0.299E-06           0.100E+01           0.192E-01
  22           0.299E+04           0.260E-06           0.260E-06           0.100E+01           0.181E-01
  23           0.330E+04           0.241E-06           0.242E-06           0.100E+01           0.173E-01
  24           0.356E+04           0.209E-06           0.210E-06           0.100E+01           0.166E-01
  25           0.402E+04           0.189E-06           0.189E-06           0.100E+01           0.161E-01
  26           0.430E+04           0.173E-06           0.174E-06           0.100E+01           0.153E-01
  27           0.453E+04           0.161E-06           0.161E-06           0.100E+01           0.150E-01
  28           0.498E+04           0.144E-06           0.145E-06           0.100E+01           0.143E-01
  29           0.528E+04           0.138E-06           0.139E-06           0.100E+01           0.136E-01
  30           0.561E+04           0.122E-06           0.122E-06           0.100E+01           0.132E-01
  31           0.607E+04           0.115E-06           0.116E-06           0.100E+01           0.129E-01
  32           0.630E+04           0.106E-06           0.106E-06           0.100E+01           0.127E-01
  34           0.186E+04           0.922E-07           0.923E-07           0.100E+01           0.234E-01
  36           0.208E+04           0.803E-07           0.804E-07           0.100E+01           0.217E-01
  38           0.218E+04           0.682E-07           0.682E-07           0.100E+01           0.219E-01
  40           0.252E+04           0.609E-07           0.610E-07           0.100E+01           0.200E-01
  42           0.286E+04           0.539E-07           0.540E-07           0.100E+01           0.188E-01
  44           0.299E+04           0.464E-07           0.465E-07           0.100E+01           0.179E-01
  46           0.330E+04           0.430E-07           0.431E-07           0.100E+01           0.177E-01
  48           0.356E+04           0.377E-07           0.378E-07           0.100E+01           0.172E-01
  50           0.402E+04           0.341E-07           0.342E-07           0.100E+01           0.159E-01
  52           0.430E+04           0.300E-07           0.301E-07           0.100E+01           0.149E-01
  54           0.453E+04           0.275E-07           0.276E-07           0.100E+01           0.147E-01
  56           0.498E+04           0.259E-07           0.260E-07           0.100E+01           0.150E-01
  58           0.528E+04           0.235E-07           0.236E-07           0.100E+01           0.141E-01
  60           0.561E+04           0.214E-07           0.215E-07           0.100E+01           0.133E-01
  62           0.607E+04           0.197E-07           0.198E-07           0.100E+01           0.130E-01
  64           0.630E+04           0.177E-07           0.179E-07           0.100E+01           0.129E-01
  68           0.186E+04           0.162E-07           0.162E-07           0.100E+01           0.250E-01
  72           0.208E+04           0.149E-07           0.149E-07           0.100E+01           0.259E-01
  76           0.218E+04           0.155E-07           0.155E-07           0.100E+01           0.363E-01
  80           0.252E+04           0.162E-07           0.162E-07           0.100E+01           0.409E-01
  84           0.286E+04           0.203E-07           0.204E-07           0.100E+01           0.539E-01
  88           0.299E+04           0.283E-07           0.284E-07           0.100E+01           0.626E-01
  92           0.330E+04           0.356E-07           0.356E-07           0.100E+01           0.686E-01
  96           0.356E+04           0.567E-07           0.569E-07           0.100E+01           0.817E-01
 100           0.402E+04           0.866E-07           0.868E-07           0.100E+01           0.854E-01
 104           0.430E+04           0.138E-06           0.138E-06           0.100E+01           0.109E+00
 108           0.453E+04           0.222E-06           0.223E-06           0.100E+01           0.129E+00
 112           0.498E+04           0.341E-06           0.342E-06           0.100E+01           0.112E+00
 116           0.528E+04           0.471E-06           0.472E-06           0.100E+01           0.127E+00
 120           0.561E+04           0.794E-06           0.797E-06           0.100E+01           0.154E+00
 124           0.607E+04           0.835E-06           0.839E-06           0.100E+01           0.164E+00
 128           0.630E+04           0.926E-06           0.932E-06           0.100E+01           0.139E+00
 136           0.186E+04           0.576E-06           0.576E-06           0.100E+01           0.176E+00
 144           0.208E+04           0.495E-06           0.496E-06           0.100E+01           0.178E+00
 152           0.218E+04           0.367E-06           0.367E-06           0.100E+01           0.918E-01
 160           0.252E+04           0.338E-06           0.338E-06           0.100E+01           0.938E-01
 168           0.286E+04           0.682E-06           0.683E-06           0.100E+01           0.102E+00
 176           0.299E+04           0.482E-06           0.483E-06           0.100E+01           0.121E+00
 184           0.330E+04           0.743E-06           0.745E-06           0.100E+01           0.910E-01
 192           0.356E+04           0.485E-06           0.486E-06           0.100E+01           0.747E-01
 200           0.402E+04           0.478E-06           0.479E-06           0.100E+01           0.675E-01
 208           0.430E+04           0.425E-06           0.426E-06           0.100E+01           0.500E-01
 216           0.453E+04           0.400E-06           0.402E-06           0.100E+01           0.645E-01
 224           0.498E+04           0.412E-06           0.414E-06           0.100E+01           0.453E-01
 232           0.528E+04           0.387E-06           0.389E-06           0.100E+01           0.476E-01
 240           0.561E+04           0.423E-06           0.425E-06           0.100E+01           0.375E-01
 248           0.607E+04           0.434E-06           0.437E-06           0.100E+01           0.364E-01
 256           0.630E+04           0.434E-06           0.437E-06           0.100E+01           0.305E-01
