   0           0.100E+01           0.100E+01           0.100E+01           0.100E+01           0.100E+01
   1           0.900E+01           0.131E-03           0.131E-03           0.100E+01           0.256E+00
   2           0.310E+02           0.425E-04           0.425E-04           0.100E+01           0.186E+00
   3           0.490E+02           0.203E-04           0.203E-04           0.100E+01           0.168E+00
   4           0.105E+03           0.859E-05           0.859E-05           0.100E+01           0.958E-01
   5           0.175E+03           0.726E-05           0.726E-05           0.100E+01           0.689E-01
   6           0.225E+03           0.413E-05           0.413E-05           0.100E+01           0.635E-01
   7           0.301E+03           0.286E-05           0.286E-05           0.100E+01           0.589E-01
   8           0.381E+03           0.228E-05           0.228E-05           0.100E+01           0.554E-01
   9           0.571E+03           0.156E-05           0.156E-05           0.100E+01           0.416E-01
  10           0.625E+03           0.118E-05           0.118E-05           0.100E+01           0.422E-01
  11           0.729E+03           0.959E-06           0.959E-06           0.100E+01           0.388E-01
  12           0.907E+03           0.806E-06           0.806E-06           0.100E+01           0.348E-01
  13           0.109E+04           0.622E-06           0.622E-06           0.100E+01           0.303E-01
  14           0.125E+04           0.518E-06           0.518E-06           0.100E+01           0.287E-01
  15           0.131E+04           0.439E-06           0.439E-06           0.100E+01           0.280E-01
  16           0.167E+04           0.371E-06           0.371E-06           0.100E+01           0.229E-01
  17           0.186E+04           0.306E-06           0.306E-06           0.100E+01           0.229E-01
  18           0.208E+04           0.262E-06           0.262E-06           0.100E+01           0.220E-01
  19           0.218E+04           0.230E-06           0.230E-06           0.100E+01           0.208E-01
  20           0.252E+04           0.204E-06           0.204E-06           0.100E+01           0.198E-01
  21           0.286E+04           0.180E-06           0.180E-06           0.100E+01           0.189E-01
  22           0.299E+04           0.156E-06           0.156E-06           0.100E+01           0.181E-01
  23           0.330E+04           0.141E-06           0.141E-06           0.100E+01           0.177E-01
  24           0.356E+04           0.127E-06           0.127E-06           0.100E+01           0.169E-01
  25           0.402E+04           0.114E-06           0.114E-06           0.100E+01           0.158E-01
  26           0.430E+04           0.102E-06           0.102E-06           0.100E+01           0.156E-01
  27           0.453E+04           0.925E-07           0.926E-07           0.100E+01           0.149E-01
  28           0.498E+04           0.871E-07           0.871E-07           0.100E+01           0.143E-01
  29           0.528E+04           0.787E-07           0.787E-07           0.100E+01           0.136E-01
  30           0.561E+04           0.694E-07           0.694E-07           0.100E+01           0.135E-01
  31           0.607E+04           0.655E-07           0.655E-07           0.100E+01           0.131E-01
  32           0.630E+04           0.594E-07           0.595E-07           0.100E+01           0.124E-01
  33           0.690E+04           0.557E-07           0.558E-07           0.100E+01           0.120E-01
  34           0.738E+04           0.503E-07           0.503E-07           0.100E+01           0.115E-01
  35           0.760E+04           0.472E-07           0.472E-07           0.100E+01           0.113E-01
  36           0.823E+04           0.439E-07           0.439E-07           0.100E+01           0.110E-01
  37           0.858E+04           0.398E-07           0.398E-07           0.100E+01           0.107E-01
  38           0.913E+04           0.380E-07           0.380E-07           0.100E+01           0.105E-01
  39           0.938E+04           0.353E-07           0.353E-07           0.100E+01           0.104E-01
  40           0.101E+05           0.329E-07           0.329E-07           0.100E+01           0.987E-02
  41           0.107E+05           0.311E-07           0.311E-07           0.100E+01           0.964E-02
  42           0.110E+05           0.291E-07           0.292E-07           0.100E+01           0.932E-02
  43           0.117E+05           0.274E-07           0.274E-07           0.100E+01           0.918E-02
  44           0.120E+05           0.255E-07           0.256E-07           0.100E+01           0.914E-02
  45           0.130E+05           0.238E-07           0.239E-07           0.100E+01           0.886E-02
  46           0.131E+05           0.229E-07           0.230E-07           0.100E+01           0.874E-02
  47           0.138E+05           0.218E-07           0.219E-07           0.100E+01           0.855E-02
  48           0.145E+05           0.203E-07           0.204E-07           0.100E+01           0.837E-02
  49           0.152E+05           0.190E-07           0.191E-07           0.100E+01           0.808E-02
  50           0.159E+05           0.182E-07           0.182E-07           0.100E+01           0.789E-02
  51           0.161E+05           0.173E-07           0.173E-07           0.100E+01           0.789E-02
  52           0.171E+05           0.163E-07           0.164E-07           0.100E+01           0.779E-02
  53           0.177E+05           0.155E-07           0.156E-07           0.100E+01           0.753E-02
  54           0.182E+05           0.149E-07           0.149E-07           0.100E+01           0.732E-02
  55           0.188E+05           0.141E-07           0.141E-07           0.100E+01           0.749E-02
  56           0.196E+05           0.132E-07           0.133E-07           0.100E+01           0.710E-02
  57           0.207E+05           0.128E-07           0.129E-07           0.100E+01           0.695E-02
  58           0.210E+05           0.122E-07           0.122E-07           0.100E+01           0.685E-02
  59           0.217E+05           0.117E-07           0.118E-07           0.100E+01           0.677E-02
  60           0.229E+05           0.111E-07           0.112E-07           0.100E+01           0.664E-02
  61           0.233E+05           0.107E-07           0.107E-07           0.100E+01           0.653E-02
  62           0.243E+05           0.102E-07           0.102E-07           0.100E+01           0.647E-02
  63           0.244E+05           0.975E-08           0.981E-08           0.100E+01           0.636E-02
  64           0.258E+05           0.926E-08           0.932E-08           0.100E+01           0.655E-02
  66           0.690E+04           0.852E-08           0.853E-08           0.100E+01           0.119E-01
  68           0.738E+04           0.791E-08           0.792E-08           0.100E+01           0.117E-01
  70           0.760E+04           0.740E-08           0.740E-08           0.100E+01           0.114E-01
  72           0.823E+04           0.683E-08           0.683E-08           0.100E+01           0.110E-01
  74           0.858E+04           0.632E-08           0.632E-08           0.100E+01           0.108E-01
  76           0.913E+04           0.583E-08           0.584E-08           0.100E+01           0.105E-01
  78           0.938E+04           0.550E-08           0.550E-08           0.100E+01           0.109E-01
  80           0.101E+05           0.512E-08           0.512E-08           0.100E+01           0.998E-02
  82           0.107E+05           0.480E-08           0.481E-08           0.100E+01           0.965E-02
  84           0.110E+05           0.442E-08           0.443E-08           0.100E+01           0.955E-02
  86           0.117E+05           0.415E-08           0.415E-08           0.100E+01           0.921E-02
  88           0.120E+05           0.388E-08           0.388E-08           0.100E+01           0.912E-02
  90           0.130E+05           0.370E-08           0.371E-08           0.100E+01           0.116E-01
  92           0.131E+05           0.342E-08           0.343E-08           0.100E+01           0.883E-02
  94           0.138E+05           0.331E-08           0.331E-08           0.100E+01           0.844E-02
  96           0.145E+05           0.310E-08           0.311E-08           0.100E+01           0.822E-02
  98           0.152E+05           0.292E-08           0.292E-08           0.100E+01           0.816E-02
 100           0.159E+05           0.278E-08           0.279E-08           0.100E+01           0.787E-02
 102           0.161E+05           0.262E-08           0.263E-08           0.100E+01           0.792E-02
 104           0.171E+05           0.249E-08           0.250E-08           0.100E+01           0.756E-02
 106           0.177E+05           0.237E-08           0.237E-08           0.100E+01           0.755E-02
 108           0.182E+05           0.225E-08           0.226E-08           0.100E+01           0.739E-02
 110           0.188E+05           0.213E-08           0.214E-08           0.100E+01           0.892E-02
 112           0.196E+05           0.204E-08           0.204E-08           0.100E+01           0.715E-02
 114           0.207E+05           0.192E-08           0.192E-08           0.100E+01           0.699E-02
 116           0.210E+05           0.185E-08           0.185E-08           0.100E+01           0.705E-02
 118           0.217E+05           0.175E-08           0.175E-08           0.100E+01           0.677E-02
 120           0.229E+05           0.167E-08           0.168E-08           0.100E+01           0.667E-02
 122           0.233E+05           0.160E-08           0.161E-08           0.100E+01           0.663E-02
 124           0.243E+05           0.154E-08           0.155E-08           0.100E+01           0.639E-02
 126           0.244E+05           0.148E-08           0.149E-08           0.100E+01           0.646E-02
 128           0.258E+05           0.142E-08           0.143E-08           0.100E+01           0.627E-02
 132           0.690E+04           0.132E-08           0.132E-08           0.100E+01           0.123E-01
 136           0.738E+04           0.125E-08           0.125E-08           0.100E+01           0.124E-01
 140           0.760E+04           0.119E-08           0.119E-08           0.100E+01           0.131E-01
 144           0.823E+04           0.115E-08           0.115E-08           0.100E+01           0.134E-01
 148           0.858E+04           0.115E-08           0.115E-08           0.100E+01           0.151E-01
 152           0.913E+04           0.118E-08           0.118E-08           0.100E+01           0.178E-01
 156           0.938E+04           0.124E-08           0.124E-08           0.100E+01           0.204E-01
 160           0.101E+05           0.129E-08           0.129E-08           0.100E+01           0.214E-01
 164           0.107E+05           0.147E-08           0.148E-08           0.100E+01           0.252E-01
 168           0.110E+05           0.167E-08           0.167E-08           0.100E+01           0.274E-01
 172           0.117E+05           0.187E-08           0.187E-08           0.100E+01           0.296E-01
 176           0.120E+05           0.225E-08           0.225E-08           0.100E+01           0.323E-01
 180           0.130E+05           0.252E-08           0.252E-08           0.100E+01           0.338E-01
 184           0.131E+05           0.336E-08           0.336E-08           0.100E+01           0.359E-01
 188           0.138E+05           0.410E-08           0.411E-08           0.100E+01           0.396E-01
 192           0.145E+05           0.491E-08           0.492E-08           0.100E+01           0.432E-01
 196           0.152E+05           0.637E-08           0.639E-08           0.100E+01           0.443E-01
 200           0.159E+05           0.871E-08           0.873E-08           0.100E+01           0.494E-01
 204           0.161E+05           0.110E-07           0.110E-07           0.100E+01           0.557E-01
 208           0.171E+05           0.142E-07           0.142E-07           0.100E+01           0.529E-01
 212           0.177E+05           0.191E-07           0.191E-07           0.100E+01           0.559E-01
 216           0.182E+05           0.253E-07           0.254E-07           0.100E+01           0.741E-01
 220           0.188E+05           0.339E-07           0.340E-07           0.100E+01           0.709E-01
 224           0.196E+05           0.438E-07           0.440E-07           0.100E+01           0.658E-01
 228           0.207E+05           0.549E-07           0.551E-07           0.100E+01           0.702E-01
 232           0.210E+05           0.688E-07           0.691E-07           0.100E+01           0.799E-01
 236           0.217E+05           0.838E-07           0.841E-07           0.100E+01           0.759E-01
 240           0.229E+05           0.100E-06           0.100E-06           0.100E+01           0.763E-01
 244           0.233E+05           0.106E-06           0.106E-06           0.100E+01           0.695E-01
 248           0.243E+05           0.115E-06           0.115E-06           0.100E+01           0.735E-01
 252           0.244E+05           0.110E-06           0.110E-06           0.100E+01           0.700E-01
 256           0.258E+05           0.117E-06           0.117E-06           0.100E+01           0.684E-01
 264           0.690E+04           0.974E-07           0.974E-07           0.100E+01           0.139E+00
 272           0.738E+04           0.835E-07           0.836E-07           0.100E+01           0.116E+00
 280           0.760E+04           0.856E-07           0.856E-07           0.100E+01           0.106E+00
 288           0.823E+04           0.537E-07           0.537E-07           0.100E+01           0.877E-01
 296           0.858E+04           0.506E-07           0.507E-07           0.100E+01           0.639E-01
 304           0.913E+04           0.463E-07           0.464E-07           0.100E+01           0.471E-01
 312           0.938E+04           0.385E-07           0.386E-07           0.100E+01           0.439E-01
 320           0.101E+05           0.602E-07           0.603E-07           0.100E+01           0.484E-01
 328           0.107E+05           0.515E-07           0.516E-07           0.100E+01           0.534E-01
 336           0.110E+05           0.748E-07           0.749E-07           0.100E+01           0.598E-01
 344           0.117E+05           0.735E-07           0.736E-07           0.100E+01           0.493E-01
 352           0.120E+05           0.674E-07           0.675E-07           0.100E+01           0.690E-01
 360           0.130E+05           0.998E-07           0.100E-06           0.100E+01           0.582E-01
 368           0.131E+05           0.665E-07           0.666E-07           0.100E+01           0.517E-01
 376           0.138E+05           0.772E-07           0.774E-07           0.100E+01           0.495E-01
 384           0.145E+05           0.695E-07           0.697E-07           0.100E+01           0.441E-01
 392           0.152E+05           0.568E-07           0.570E-07           0.100E+01           0.379E-01
 400           0.159E+05           0.723E-07           0.725E-07           0.100E+01           0.317E-01
 408           0.161E+05           0.531E-07           0.533E-07           0.100E+01           0.362E-01
 416           0.171E+05           0.533E-07           0.534E-07           0.100E+01           0.298E-01
 424           0.177E+05           0.536E-07           0.538E-07           0.100E+01           0.309E-01
 432           0.182E+05           0.531E-07           0.532E-07           0.100E+01           0.342E-01
 440           0.188E+05           0.513E-07           0.515E-07           0.100E+01           0.308E-01
 448           0.196E+05           0.463E-07           0.465E-07           0.100E+01           0.285E-01
 456           0.207E+05           0.507E-07           0.510E-07           0.100E+01           0.276E-01
 464           0.210E+05           0.489E-07           0.491E-07           0.100E+01           0.278E-01
 472           0.217E+05           0.447E-07           0.449E-07           0.100E+01           0.237E-01
 480           0.229E+05           0.499E-07           0.501E-07           0.100E+01           0.218E-01
 488           0.233E+05           0.493E-07           0.495E-07           0.100E+01           0.208E-01
 496           0.243E+05           0.493E-07           0.495E-07           0.100E+01           0.196E-01
 504           0.244E+05           0.492E-07           0.495E-07           0.100E+01           0.197E-01
 512           0.258E+05           0.553E-07           0.557E-07           0.100E+01           0.189E-01
