   0           0.100E+01           0.100E+01           0.100E+01           0.100E+01           0.100E+01
   1           0.900E+01           0.334E+00           0.334E+00           0.100E+01           0.904E-01
   2           0.310E+02           0.240E+00           0.240E+00           0.100E+01           0.500E-01
   3           0.490E+02           0.204E+00           0.204E+00           0.100E+01           0.388E-01
   4           0.105E+03           0.169E+00           0.169E+00           0.100E+01           0.312E-01
   5           0.175E+03           0.130E+00           0.130E+00           0.100E+01           0.280E-01
   6           0.225E+03           0.102E+00           0.102E+00           0.100E+01           0.298E-01
   7           0.301E+03           0.810E-01           0.810E-01           0.100E+01           0.290E-01
   8           0.381E+03           0.642E-01           0.642E-01           0.100E+01           0.291E-01
   9           0.571E+03           0.508E-01           0.508E-01           0.100E+01           0.264E-01
  10           0.625E+03           0.411E-01           0.411E-01           0.100E+01           0.262E-01
  11           0.729E+03           0.343E-01           0.343E-01           0.100E+01           0.257E-01
  12           0.907E+03           0.289E-01           0.289E-01           0.100E+01           0.227E-01
  13           0.109E+04           0.249E-01           0.249E-01           0.100E+01           0.216E-01
  14           0.125E+04           0.217E-01           0.217E-01           0.100E+01           0.204E-01
  15           0.131E+04           0.192E-01           0.192E-01           0.100E+01           0.195E-01
  16           0.167E+04           0.170E-01           0.170E-01           0.100E+01           0.178E-01
  17           0.186E+04           0.153E-01           0.153E-01           0.100E+01           0.168E-01
  18           0.208E+04           0.138E-01           0.138E-01           0.100E+01           0.159E-01
  19           0.218E+04           0.124E-01           0.124E-01           0.100E+01           0.158E-01
  20           0.252E+04           0.112E-01           0.112E-01           0.100E+01           0.143E-01
  21           0.286E+04           0.104E-01           0.104E-01           0.100E+01           0.139E-01
  22           0.299E+04           0.944E-02           0.946E-02           0.100E+01           0.131E-01
  23           0.330E+04           0.865E-02           0.866E-02           0.100E+01           0.127E-01
  24           0.356E+04           0.798E-02           0.800E-02           0.100E+01           0.124E-01
  25           0.402E+04           0.730E-02           0.732E-02           0.100E+01           0.114E-01
  26           0.430E+04           0.689E-02           0.691E-02           0.100E+01           0.112E-01
  27           0.453E+04           0.634E-02           0.636E-02           0.100E+01           0.105E-01
  28           0.498E+04           0.594E-02           0.597E-02           0.100E+01           0.102E-01
  29           0.528E+04           0.556E-02           0.559E-02           0.100E+01           0.963E-02
  30           0.561E+04           0.523E-02           0.526E-02           0.100E+01           0.930E-02
  31           0.607E+04           0.491E-02           0.494E-02           0.100E+01           0.893E-02
  32           0.630E+04           0.459E-02           0.462E-02           0.100E+01           0.861E-02
  34           0.186E+04           0.409E-02           0.409E-02           0.100E+01           0.159E-01
  36           0.208E+04           0.363E-02           0.364E-02           0.100E+01           0.152E-01
  38           0.218E+04           0.323E-02           0.323E-02           0.100E+01           0.150E-01
  40           0.252E+04           0.285E-02           0.285E-02           0.100E+01           0.137E-01
  42           0.286E+04           0.254E-02           0.254E-02           0.100E+01           0.139E-01
  44           0.299E+04           0.224E-02           0.224E-02           0.100E+01           0.136E-01
  46           0.330E+04           0.198E-02           0.199E-02           0.100E+01           0.134E-01
  48           0.356E+04           0.179E-02           0.180E-02           0.100E+01           0.131E-01
  50           0.402E+04           0.159E-02           0.160E-02           0.100E+01           0.123E-01
  52           0.430E+04           0.145E-02           0.146E-02           0.100E+01           0.126E-01
  54           0.453E+04           0.130E-02           0.130E-02           0.100E+01           0.122E-01
  56           0.498E+04           0.118E-02           0.118E-02           0.100E+01           0.124E-01
  58           0.528E+04           0.106E-02           0.107E-02           0.100E+01           0.122E-01
  60           0.561E+04           0.975E-03           0.980E-03           0.100E+01           0.122E-01
  62           0.607E+04           0.888E-03           0.893E-03           0.100E+01           0.120E-01
  64           0.630E+04           0.805E-03           0.810E-03           0.100E+01           0.120E-01
  68           0.186E+04           0.686E-03           0.686E-03           0.100E+01           0.232E-01
  72           0.208E+04           0.580E-03           0.580E-03           0.100E+01           0.230E-01
  76           0.218E+04           0.488E-03           0.489E-03           0.100E+01           0.233E-01
  80           0.252E+04           0.417E-03           0.417E-03           0.100E+01           0.218E-01
  84           0.286E+04           0.362E-03           0.363E-03           0.100E+01           0.220E-01
  88           0.299E+04           0.317E-03           0.317E-03           0.100E+01           0.212E-01
  92           0.330E+04           0.274E-03           0.275E-03           0.100E+01           0.208E-01
  96           0.356E+04           0.244E-03           0.245E-03           0.100E+01           0.202E-01
 100           0.402E+04           0.214E-03           0.215E-03           0.100E+01           0.188E-01
 104           0.430E+04           0.196E-03           0.197E-03           0.100E+01           0.186E-01
 108           0.453E+04           0.173E-03           0.174E-03           0.100E+01           0.176E-01
 112           0.498E+04           0.156E-03           0.157E-03           0.100E+01           0.171E-01
 116           0.528E+04           0.141E-03           0.141E-03           0.100E+01           0.162E-01
 120           0.561E+04           0.128E-03           0.129E-03           0.100E+01           0.156E-01
 124           0.607E+04           0.115E-03           0.116E-03           0.100E+01           0.151E-01
 128           0.630E+04           0.105E-03           0.106E-03           0.100E+01           0.143E-01
 136           0.186E+04           0.889E-04           0.890E-04           0.100E+01           0.263E-01
 144           0.208E+04           0.722E-04           0.723E-04           0.100E+01           0.249E-01
 152           0.218E+04           0.591E-04           0.591E-04           0.100E+01           0.250E-01
 160           0.252E+04           0.482E-04           0.482E-04           0.100E+01           0.228E-01
 168           0.286E+04           0.408E-04           0.409E-04           0.100E+01           0.221E-01
 176           0.299E+04           0.343E-04           0.344E-04           0.100E+01           0.214E-01
 184           0.330E+04           0.286E-04           0.286E-04           0.100E+01           0.210E-01
 192           0.356E+04           0.241E-04           0.241E-04           0.100E+01           0.205E-01
 200           0.402E+04           0.206E-04           0.207E-04           0.100E+01           0.192E-01
 208           0.430E+04           0.183E-04           0.184E-04           0.100E+01           0.190E-01
 216           0.453E+04           0.153E-04           0.154E-04           0.100E+01           0.183E-01
 224           0.498E+04           0.136E-04           0.137E-04           0.100E+01           0.175E-01
 232           0.528E+04           0.118E-04           0.118E-04           0.100E+01           0.171E-01
 240           0.561E+04           0.107E-04           0.107E-04           0.100E+01           0.167E-01
 248           0.607E+04           0.930E-05           0.936E-05           0.100E+01           0.159E-01
 256           0.630E+04           0.832E-05           0.837E-05           0.100E+01           0.152E-01
