#        100           1  0.279101223393218     
  5.7334069E-07   40.51648       40.52529       40.52529    
  7.5792263E-07   52.67062       52.68239       52.68239    
  1.0019290E-06   68.48091       68.48648       68.48648    
  1.3244913E-06   89.01749       89.03161       89.03161    
  1.7508995E-06   115.7342       115.7400       115.7400    
  2.3145860E-06   150.4480       150.4606       150.4606    
  3.0597466E-06   195.5845       195.5970       195.5970    
  4.0448049E-06   254.2708       254.2737       254.2737    
  5.3469944E-06   330.5448       330.5525       330.5526    
  7.0684118E-06   429.7130       429.7138       429.7139    
  9.3440240E-06   558.6208       558.6215       558.6218    
  1.2352250E-05   726.1942       726.1984       726.1989    
  1.6328948E-05   944.0409       944.0425       944.0438    
  2.1585907E-05   1227.222       1227.229       1227.232    
  2.8535300E-05   1595.342       1595.349       1595.355    
  3.7721988E-05   2073.851       2073.856       2073.871    
  4.9866248E-05   2695.807       2695.813       2695.845    
  6.5920241E-05   3504.126       3504.132       3504.201    
  8.7142682E-05   4554.441       4554.447       4554.596    
  1.1519749E-04   5918.760       5918.761       5919.075    
  1.5228431E-04   7689.957       7689.958       7690.609    
  2.0131090E-04   9987.261       9987.261       9988.566    
  2.6612115E-04   12962.41       12962.41       12964.93    
  3.5179651E-04   16805.94       16805.95       16810.53    
  4.6505430E-04   21752.03       21752.03       21759.65    
  6.1477441E-04   28078.57       28078.58       28089.54    
  8.1269559E-04   36097.29       36097.34       36108.78    
  1.0743358E-03   46125.11       46125.27       46125.55    
  1.4202086E-03   58426.10       58426.66       58385.19    
  1.8774322E-03   73113.37       73115.37       72968.50    
  2.4818548E-03   90007.17       90014.02       89652.05    
  3.2808660E-03   108459.8       108482.1       107747.1    
  4.3371120E-03   127176.1       127244.2       125947.5    
  5.7334066E-03   144051.9       144243.7       142217.0    
  7.5792260E-03   155975.5       156457.8       153720.0    
  1.0019291E-02   158533.3       159556.5       156824.1    
  1.3244913E-02   147101.2       148783.0       147652.3    
  1.7508995E-02   123173.4       125341.7       124966.8    
  2.3145862E-02   96331.49       98795.91       95203.52    
  3.0597467E-02   72705.49       75054.85       69961.52    
  4.0448051E-02   53008.39       54789.54       55313.24    
  5.3469941E-02   37098.98       38116.51       40950.41    
  7.0684113E-02   25115.20       25216.90       23322.57    
  9.3440242E-02   16719.83       15906.09       16364.03    
  0.1235225       11177.48       9614.067       9672.786    
  0.1632895       7683.742       5601.450       5590.706    
  0.2158591       5503.048       3164.537       3144.264    
  0.2853530       4068.902       1742.726       1740.455    
  0.3772199       3051.480       939.5858       943.0848    
  0.4986625       2291.846       497.5865       502.1846    
  0.6592025       1709.546       259.4619       262.9962    
  0.8714268       1256.031       133.4467       135.6806    
   1.151975       898.4401       67.78536       69.05348    
   1.522843       615.0901       34.04178       34.71500    
   2.013109       395.2974       16.91740       17.25948    
   2.661211       236.8051       8.326582       8.495514    
   3.517965       134.4316       4.062191       4.144106    
   4.650543       74.02330       1.965829       2.005115    
   6.147744       40.08319      0.9443547      0.9630786    
   8.126956       21.46328      0.4506284      0.4595230    
   10.74336       11.38866      0.2137285      0.2179465    
   14.20209       5.993579      0.1008110      0.1028092    
   18.77432       3.130150      4.7312092E-02  4.8257772E-02
   24.81855       1.622840      2.2102917E-02  2.2549929E-02
   32.80866      0.8355140      1.0282837E-02  1.0493797E-02
   43.37112      0.4272856      4.7655823E-03  4.8649427E-03
   57.33406      0.2171087      2.2008736E-03  2.2475622E-03
   75.79226      0.1096308      1.0131449E-03  1.0350264E-03
   100.1929      5.5028088E-02  4.6500037E-04  4.7522696E-04
   132.4491      2.7462013E-02  2.1283180E-04  2.1759754E-04
   175.0900      1.3629403E-02  9.7164404E-05  9.9378805E-05
   231.4586      6.7285174E-03  4.4252971E-05  4.5278899E-05
   305.9747      3.3049276E-03  2.0109977E-05  2.0583928E-05
   404.4805      1.6154981E-03  9.1196271E-06  9.3379722E-06
   534.6994      7.8605604E-04  4.1275807E-06  4.2279007E-06
   706.8412      3.8080427E-04  1.8647402E-06  1.9107144E-06
   934.4024      1.8371610E-04  8.4099247E-07  8.6200976E-07
   1235.225      8.8284018E-05  3.7866883E-07  3.8825453E-07
   1632.895      4.2266365E-05  1.7023928E-07  1.7460150E-07
   2158.591      2.0163681E-05  7.6423788E-08  7.8404760E-08
   2853.530      9.5870864E-06  3.4260911E-08  3.5158724E-08
   3772.199      4.5438146E-06  1.5339150E-08  1.5745288E-08
   4986.625      2.1470519E-06  6.8590476E-09  7.0424417E-09
   6592.024      1.0116238E-06  3.0634628E-09  3.1461356E-09
   8714.269      4.7534874E-07  1.3666958E-09  1.4039044E-09
   11519.75      2.2278245E-07  6.0906558E-10  6.2578670E-10
   15228.43      1.0415487E-07  2.7115041E-10  2.7865385E-10
   20131.09      4.8580208E-08  1.2059520E-10  1.2395771E-10
   26612.12      2.2608319E-08  5.3584810E-11  5.5089676E-11
   35179.65      1.0499080E-08  2.3788246E-11  2.4460907E-11
   46505.43      4.8657562E-09  1.0551358E-11  1.0851676E-11
   61477.44      2.2506357E-09  4.6762156E-12  4.8101462E-12
   81269.55      1.0390894E-09  2.0707858E-12  2.1304501E-12
   107433.6      4.7888182E-10  9.1631282E-13  9.4286514E-13
   142020.9      2.2032540E-10  4.0516589E-13  4.1697087E-13
   187743.2      1.0120278E-10  1.7902531E-13  1.8426882E-13
   248185.5      4.6413179E-11  7.9049601E-14  8.1376563E-14
   328086.6      2.1253914E-11  3.4881830E-14  3.5913604E-14
   433711.2      9.7187709E-12  1.5382372E-14  1.5839482E-14
   573340.7      4.4379617E-12  6.7792456E-15  6.9816005E-15
