   0           0.100E+01           0.100E+01           0.100E+01           0.100E+01           0.100E+01
   1           0.900E+01           0.229E-03           0.229E-03           0.100E+01           0.354E+00
   2           0.310E+02           0.219E-04           0.219E-04           0.100E+01           0.291E+00
   3           0.490E+02           0.555E-05           0.555E-05           0.100E+01           0.148E+00
   4           0.105E+03           0.428E-05           0.428E-05           0.100E+01           0.104E+00
   5           0.175E+03           0.275E-05           0.275E-05           0.100E+01           0.739E-01
   6           0.225E+03           0.174E-05           0.174E-05           0.100E+01           0.607E-01
   7           0.301E+03           0.114E-05           0.114E-05           0.100E+01           0.569E-01
   8           0.381E+03           0.814E-06           0.814E-06           0.100E+01           0.532E-01
   9           0.571E+03           0.624E-06           0.624E-06           0.100E+01           0.414E-01
  10           0.625E+03           0.458E-06           0.458E-06           0.100E+01           0.394E-01
  11           0.729E+03           0.368E-06           0.368E-06           0.100E+01           0.370E-01
  12           0.907E+03           0.300E-06           0.300E-06           0.100E+01           0.318E-01
  13           0.109E+04           0.226E-06           0.226E-06           0.100E+01           0.298E-01
  14           0.125E+04           0.206E-06           0.206E-06           0.100E+01           0.282E-01
  15           0.131E+04           0.171E-06           0.171E-06           0.100E+01           0.290E-01
  16           0.167E+04           0.140E-06           0.140E-06           0.100E+01           0.242E-01
  17           0.186E+04           0.124E-06           0.124E-06           0.100E+01           0.234E-01
  18           0.208E+04           0.105E-06           0.105E-06           0.100E+01           0.223E-01
  19           0.218E+04           0.927E-07           0.927E-07           0.100E+01           0.225E-01
  20           0.252E+04           0.777E-07           0.777E-07           0.100E+01           0.195E-01
  21           0.286E+04           0.692E-07           0.692E-07           0.100E+01           0.186E-01
  22           0.299E+04           0.640E-07           0.640E-07           0.100E+01           0.188E-01
  23           0.330E+04           0.548E-07           0.548E-07           0.100E+01           0.177E-01
  24           0.356E+04           0.495E-07           0.495E-07           0.100E+01           0.171E-01
  25           0.402E+04           0.452E-07           0.452E-07           0.100E+01           0.159E-01
  26           0.430E+04           0.400E-07           0.400E-07           0.100E+01           0.155E-01
  27           0.453E+04           0.357E-07           0.357E-07           0.100E+01           0.150E-01
  28           0.498E+04           0.335E-07           0.335E-07           0.100E+01           0.142E-01
  29           0.528E+04           0.300E-07           0.300E-07           0.100E+01           0.139E-01
  30           0.561E+04           0.279E-07           0.279E-07           0.100E+01           0.133E-01
  31           0.607E+04           0.252E-07           0.252E-07           0.100E+01           0.129E-01
  32           0.630E+04           0.231E-07           0.231E-07           0.100E+01           0.125E-01
  33           0.690E+04           0.211E-07           0.211E-07           0.100E+01           0.120E-01
  34           0.738E+04           0.192E-07           0.192E-07           0.100E+01           0.115E-01
  35           0.760E+04           0.187E-07           0.187E-07           0.100E+01           0.114E-01
  36           0.823E+04           0.165E-07           0.165E-07           0.100E+01           0.110E-01
  37           0.858E+04           0.155E-07           0.155E-07           0.100E+01           0.106E-01
  38           0.913E+04           0.145E-07           0.145E-07           0.100E+01           0.101E-01
  39           0.938E+04           0.134E-07           0.134E-07           0.100E+01           0.103E-01
  40           0.101E+05           0.126E-07           0.126E-07           0.100E+01           0.990E-02
  41           0.107E+05           0.119E-07           0.119E-07           0.100E+01           0.953E-02
  42           0.110E+05           0.110E-07           0.111E-07           0.100E+01           0.952E-02
  43           0.117E+05           0.103E-07           0.103E-07           0.100E+01           0.924E-02
  44           0.120E+05           0.955E-08           0.957E-08           0.100E+01           0.904E-02
  45           0.130E+05           0.940E-08           0.941E-08           0.100E+01           0.883E-02
  46           0.131E+05           0.856E-08           0.858E-08           0.100E+01           0.869E-02
  47           0.138E+05           0.810E-08           0.811E-08           0.100E+01           0.849E-02
  48           0.145E+05           0.770E-08           0.771E-08           0.100E+01           0.826E-02
  49           0.152E+05           0.727E-08           0.729E-08           0.100E+01           0.821E-02
  50           0.159E+05           0.695E-08           0.697E-08           0.100E+01           0.800E-02
  51           0.161E+05           0.654E-08           0.656E-08           0.100E+01           0.791E-02
  52           0.171E+05           0.613E-08           0.615E-08           0.100E+01           0.765E-02
  53           0.177E+05           0.583E-08           0.585E-08           0.100E+01           0.751E-02
  54           0.182E+05           0.564E-08           0.566E-08           0.100E+01           0.742E-02
  55           0.188E+05           0.535E-08           0.537E-08           0.100E+01           0.734E-02
  56           0.196E+05           0.509E-08           0.511E-08           0.100E+01           0.712E-02
  57           0.207E+05           0.479E-08           0.481E-08           0.100E+01           0.684E-02
  58           0.210E+05           0.459E-08           0.461E-08           0.100E+01           0.686E-02
  59           0.217E+05           0.446E-08           0.448E-08           0.100E+01           0.683E-02
  60           0.229E+05           0.420E-08           0.422E-08           0.100E+01           0.656E-02
  61           0.233E+05           0.398E-08           0.401E-08           0.100E+01           0.661E-02
  62           0.243E+05           0.389E-08           0.391E-08           0.100E+01           0.642E-02
  63           0.244E+05           0.367E-08           0.369E-08           0.100E+01           0.632E-02
  64           0.258E+05           0.351E-08           0.354E-08           0.100E+01           0.620E-02
  66           0.690E+04           0.325E-08           0.325E-08           0.100E+01           0.122E-01
  68           0.738E+04           0.298E-08           0.299E-08           0.100E+01           0.115E-01
  70           0.760E+04           0.277E-08           0.277E-08           0.100E+01           0.115E-01
  72           0.823E+04           0.255E-08           0.255E-08           0.100E+01           0.112E-01
  74           0.858E+04           0.239E-08           0.239E-08           0.100E+01           0.107E-01
  76           0.913E+04           0.220E-08           0.221E-08           0.100E+01           0.106E-01
  78           0.938E+04           0.206E-08           0.206E-08           0.100E+01           0.105E-01
  80           0.101E+05           0.192E-08           0.192E-08           0.100E+01           0.100E-01
  82           0.107E+05           0.180E-08           0.180E-08           0.100E+01           0.979E-02
  84           0.110E+05           0.168E-08           0.168E-08           0.100E+01           0.955E-02
  86           0.117E+05           0.154E-08           0.154E-08           0.100E+01           0.935E-02
  88           0.120E+05           0.146E-08           0.146E-08           0.100E+01           0.911E-02
  90           0.130E+05           0.141E-08           0.142E-08           0.100E+01           0.896E-02
  92           0.131E+05           0.128E-08           0.128E-08           0.100E+01           0.895E-02
  94           0.138E+05           0.122E-08           0.123E-08           0.100E+01           0.860E-02
  96           0.145E+05           0.116E-08           0.117E-08           0.100E+01           0.827E-02
  98           0.152E+05           0.111E-08           0.111E-08           0.100E+01           0.814E-02
 100           0.159E+05           0.104E-08           0.104E-08           0.100E+01           0.787E-02
 102           0.161E+05           0.974E-09           0.976E-09           0.100E+01           0.787E-02
 104           0.171E+05           0.929E-09           0.932E-09           0.100E+01           0.761E-02
 106           0.177E+05           0.881E-09           0.884E-09           0.100E+01           0.748E-02
 108           0.182E+05           0.839E-09           0.842E-09           0.100E+01           0.745E-02
 110           0.188E+05           0.803E-09           0.806E-09           0.100E+01           0.737E-02
 112           0.196E+05           0.760E-09           0.763E-09           0.100E+01           0.712E-02
 114           0.207E+05           0.725E-09           0.728E-09           0.100E+01           0.692E-02
 116           0.210E+05           0.690E-09           0.693E-09           0.100E+01           0.682E-02
 118           0.217E+05           0.664E-09           0.667E-09           0.100E+01           0.674E-02
 120           0.229E+05           0.622E-09           0.625E-09           0.100E+01           0.665E-02
 122           0.233E+05           0.602E-09           0.605E-09           0.100E+01           0.654E-02
 124           0.243E+05           0.580E-09           0.584E-09           0.100E+01           0.642E-02
 126           0.244E+05           0.547E-09           0.551E-09           0.100E+01           0.637E-02
 128           0.258E+05           0.526E-09           0.529E-09           0.100E+01           0.625E-02
 132           0.690E+04           0.500E-09           0.500E-09           0.100E+01           0.120E-01
 136           0.738E+04           0.460E-09           0.460E-09           0.100E+01           0.119E-01
 140           0.760E+04           0.433E-09           0.433E-09           0.100E+01           0.123E-01
 144           0.823E+04           0.424E-09           0.424E-09           0.100E+01           0.136E-01
 148           0.858E+04           0.419E-09           0.419E-09           0.100E+01           0.150E-01
 152           0.913E+04           0.416E-09           0.416E-09           0.100E+01           0.166E-01
 156           0.938E+04           0.437E-09           0.437E-09           0.100E+01           0.186E-01
 160           0.101E+05           0.483E-09           0.484E-09           0.100E+01           0.220E-01
 164           0.107E+05           0.519E-09           0.520E-09           0.100E+01           0.240E-01
 168           0.110E+05           0.580E-09           0.581E-09           0.100E+01           0.258E-01
 172           0.117E+05           0.625E-09           0.626E-09           0.100E+01           0.276E-01
 176           0.120E+05           0.778E-09           0.779E-09           0.100E+01           0.309E-01
 180           0.130E+05           0.906E-09           0.907E-09           0.100E+01           0.334E-01
 184           0.131E+05           0.118E-08           0.118E-08           0.100E+01           0.382E-01
 188           0.138E+05           0.137E-08           0.137E-08           0.100E+01           0.389E-01
 192           0.145E+05           0.168E-08           0.168E-08           0.100E+01           0.395E-01
 196           0.152E+05           0.222E-08           0.222E-08           0.100E+01           0.434E-01
 200           0.159E+05           0.294E-08           0.295E-08           0.100E+01           0.462E-01
 204           0.161E+05           0.389E-08           0.389E-08           0.100E+01           0.537E-01
 208           0.171E+05           0.509E-08           0.511E-08           0.100E+01           0.536E-01
 212           0.177E+05           0.765E-08           0.767E-08           0.100E+01           0.645E-01
 216           0.182E+05           0.104E-07           0.104E-07           0.100E+01           0.691E-01
 220           0.188E+05           0.158E-07           0.158E-07           0.100E+01           0.792E-01
 224           0.196E+05           0.246E-07           0.247E-07           0.100E+01           0.878E-01
 228           0.207E+05           0.344E-07           0.346E-07           0.100E+01           0.112E+00
 232           0.210E+05           0.480E-07           0.482E-07           0.100E+01           0.986E-01
 236           0.217E+05           0.816E-07           0.819E-07           0.100E+01           0.127E+00
 240           0.229E+05           0.106E-06           0.107E-06           0.100E+01           0.116E+00
 244           0.233E+05           0.120E-06           0.121E-06           0.100E+01           0.137E+00
 248           0.243E+05           0.172E-06           0.173E-06           0.100E+01           0.131E+00
 252           0.244E+05           0.160E-06           0.161E-06           0.100E+01           0.131E+00
 256           0.258E+05           0.145E-06           0.145E-06           0.100E+01           0.116E+00
 264           0.690E+04           0.171E-06           0.171E-06           0.100E+01           0.234E+00
 272           0.738E+04           0.858E-07           0.859E-07           0.100E+01           0.173E+00
 280           0.760E+04           0.605E-07           0.605E-07           0.100E+01           0.157E+00
 288           0.823E+04           0.373E-07           0.373E-07           0.100E+01           0.125E+00
 296           0.858E+04           0.261E-07           0.261E-07           0.100E+01           0.109E+00
 304           0.913E+04           0.209E-07           0.209E-07           0.100E+01           0.568E-01
 312           0.938E+04           0.181E-07           0.182E-07           0.100E+01           0.606E-01
 320           0.101E+05           0.313E-07           0.313E-07           0.100E+01           0.659E-01
 328           0.107E+05           0.306E-07           0.307E-07           0.100E+01           0.840E-01
 336           0.110E+05           0.846E-07           0.847E-07           0.100E+01           0.947E-01
 344           0.117E+05           0.764E-07           0.765E-07           0.100E+01           0.115E+00
 352           0.120E+05           0.739E-07           0.740E-07           0.100E+01           0.126E+00
 360           0.130E+05           0.150E-06           0.150E-06           0.100E+01           0.101E+00
 368           0.131E+05           0.847E-07           0.849E-07           0.100E+01           0.106E+00
 376           0.138E+05           0.117E-06           0.117E-06           0.100E+01           0.816E-01
 384           0.145E+05           0.686E-07           0.688E-07           0.100E+01           0.760E-01
 392           0.152E+05           0.528E-07           0.529E-07           0.100E+01           0.812E-01
 400           0.159E+05           0.659E-07           0.661E-07           0.100E+01           0.518E-01
 408           0.161E+05           0.418E-07           0.419E-07           0.100E+01           0.618E-01
 416           0.171E+05           0.419E-07           0.420E-07           0.100E+01           0.543E-01
 424           0.177E+05           0.491E-07           0.492E-07           0.100E+01           0.671E-01
 432           0.182E+05           0.551E-07           0.554E-07           0.100E+01           0.780E-01
 440           0.188E+05           0.541E-07           0.543E-07           0.100E+01           0.752E-01
 448           0.196E+05           0.392E-07           0.394E-07           0.100E+01           0.697E-01
 456           0.207E+05           0.495E-07           0.497E-07           0.100E+01           0.598E-01
 464           0.210E+05           0.445E-07           0.447E-07           0.100E+01           0.582E-01
 472           0.217E+05           0.374E-07           0.376E-07           0.100E+01           0.574E-01
 480           0.229E+05           0.417E-07           0.419E-07           0.100E+01           0.450E-01
 488           0.233E+05           0.392E-07           0.394E-07           0.100E+01           0.468E-01
 496           0.243E+05           0.388E-07           0.391E-07           0.100E+01           0.520E-01
 504           0.244E+05           0.391E-07           0.393E-07           0.100E+01           0.484E-01
 512           0.258E+05           0.460E-07           0.463E-07           0.100E+01           0.380E-01
