   0           0.100E+01           0.100E+01           0.100E+01           0.100E+01           0.100E+01
   1           0.900E+01           0.340E-01           0.340E-01           0.100E+01           0.340E+00
   2           0.310E+02           0.857E-02           0.857E-02           0.100E+01           0.175E+00
   3           0.490E+02           0.496E-02           0.496E-02           0.100E+01           0.142E+00
   4           0.105E+03           0.360E-02           0.360E-02           0.100E+01           0.991E-01
   5           0.175E+03           0.308E-02           0.308E-02           0.100E+01           0.706E-01
   6           0.225E+03           0.283E-02           0.283E-02           0.100E+01           0.640E-01
   7           0.301E+03           0.218E-02           0.218E-02           0.100E+01           0.512E-01
   8           0.381E+03           0.196E-02           0.196E-02           0.100E+01           0.491E-01
   9           0.571E+03           0.182E-02           0.182E-02           0.100E+01           0.391E-01
  10           0.625E+03           0.160E-02           0.160E-02           0.100E+01           0.376E-01
  11           0.729E+03           0.144E-02           0.144E-02           0.100E+01           0.326E-01
  12           0.907E+03           0.123E-02           0.123E-02           0.100E+01           0.290E-01
  13           0.109E+04           0.116E-02           0.116E-02           0.100E+01           0.275E-01
  14           0.125E+04           0.105E-02           0.105E-02           0.100E+01           0.258E-01
  15           0.131E+04           0.943E-03           0.944E-03           0.100E+01           0.259E-01
  16           0.167E+04           0.842E-03           0.842E-03           0.100E+01           0.237E-01
  17           0.186E+04           0.790E-03           0.790E-03           0.100E+01           0.220E-01
  18           0.208E+04           0.684E-03           0.684E-03           0.100E+01           0.195E-01
  19           0.218E+04           0.630E-03           0.630E-03           0.100E+01           0.200E-01
  20           0.252E+04           0.580E-03           0.580E-03           0.100E+01           0.187E-01
  21           0.286E+04           0.547E-03           0.547E-03           0.100E+01           0.171E-01
  22           0.299E+04           0.518E-03           0.518E-03           0.100E+01           0.174E-01
  23           0.330E+04           0.467E-03           0.467E-03           0.100E+01           0.170E-01
  24           0.356E+04           0.417E-03           0.417E-03           0.100E+01           0.163E-01
  25           0.402E+04           0.406E-03           0.406E-03           0.100E+01           0.152E-01
  26           0.430E+04           0.378E-03           0.378E-03           0.100E+01           0.148E-01
  27           0.453E+04           0.347E-03           0.347E-03           0.100E+01           0.144E-01
  28           0.498E+04           0.318E-03           0.318E-03           0.100E+01           0.143E-01
  29           0.528E+04           0.300E-03           0.300E-03           0.100E+01           0.138E-01
  30           0.561E+04           0.283E-03           0.283E-03           0.100E+01           0.131E-01
  31           0.607E+04           0.263E-03           0.263E-03           0.100E+01           0.123E-01
  32           0.630E+04           0.249E-03           0.249E-03           0.100E+01           0.124E-01
  33           0.690E+04           0.237E-03           0.237E-03           0.100E+01           0.118E-01
  34           0.738E+04           0.226E-03           0.226E-03           0.100E+01           0.114E-01
  35           0.760E+04           0.209E-03           0.209E-03           0.100E+01           0.112E-01
  36           0.823E+04           0.198E-03           0.198E-03           0.100E+01           0.108E-01
  37           0.858E+04           0.192E-03           0.192E-03           0.100E+01           0.106E-01
  38           0.913E+04           0.181E-03           0.181E-03           0.100E+01           0.103E-01
  39           0.938E+04           0.171E-03           0.171E-03           0.100E+01           0.101E-01
  40           0.101E+05           0.162E-03           0.162E-03           0.100E+01           0.987E-02
  41           0.107E+05           0.158E-03           0.158E-03           0.100E+01           0.955E-02
  42           0.110E+05           0.151E-03           0.152E-03           0.100E+01           0.931E-02
  43           0.117E+05           0.145E-03           0.145E-03           0.100E+01           0.906E-02
  44           0.120E+05           0.136E-03           0.136E-03           0.100E+01           0.896E-02
  45           0.130E+05           0.128E-03           0.128E-03           0.100E+01           0.854E-02
  46           0.131E+05           0.125E-03           0.125E-03           0.100E+01           0.860E-02
  47           0.138E+05           0.120E-03           0.120E-03           0.100E+01           0.845E-02
  48           0.145E+05           0.116E-03           0.116E-03           0.100E+01           0.811E-02
  49           0.152E+05           0.109E-03           0.109E-03           0.100E+01           0.797E-02
  50           0.159E+05           0.103E-03           0.103E-03           0.100E+01           0.791E-02
  51           0.161E+05           0.978E-04           0.981E-04           0.100E+01           0.785E-02
  52           0.171E+05           0.931E-04           0.934E-04           0.100E+01           0.753E-02
  53           0.177E+05           0.898E-04           0.901E-04           0.100E+01           0.756E-02
  54           0.182E+05           0.857E-04           0.860E-04           0.100E+01           0.739E-02
  55           0.188E+05           0.820E-04           0.823E-04           0.100E+01           0.729E-02
  56           0.196E+05           0.791E-04           0.794E-04           0.100E+01           0.710E-02
  57           0.207E+05           0.754E-04           0.757E-04           0.100E+01           0.690E-02
  58           0.210E+05           0.723E-04           0.726E-04           0.100E+01           0.681E-02
  59           0.217E+05           0.699E-04           0.702E-04           0.100E+01           0.675E-02
  60           0.229E+05           0.669E-04           0.673E-04           0.100E+01           0.655E-02
  61           0.233E+05           0.640E-04           0.644E-04           0.100E+01           0.650E-02
  62           0.243E+05           0.624E-04           0.628E-04           0.100E+01           0.643E-02
  63           0.244E+05           0.607E-04           0.610E-04           0.100E+01           0.630E-02
  64           0.258E+05           0.586E-04           0.590E-04           0.100E+01           0.622E-02
  66           0.690E+04           0.540E-04           0.540E-04           0.100E+01           0.121E-01
  68           0.738E+04           0.509E-04           0.510E-04           0.100E+01           0.115E-01
  70           0.760E+04           0.472E-04           0.473E-04           0.100E+01           0.115E-01
  72           0.823E+04           0.453E-04           0.454E-04           0.100E+01           0.108E-01
  74           0.858E+04           0.418E-04           0.418E-04           0.100E+01           0.106E-01
  76           0.913E+04           0.394E-04           0.394E-04           0.100E+01           0.102E-01
  78           0.938E+04           0.366E-04           0.366E-04           0.100E+01           0.104E-01
  80           0.101E+05           0.352E-04           0.352E-04           0.100E+01           0.984E-02
  82           0.107E+05           0.329E-04           0.330E-04           0.100E+01           0.953E-02
  84           0.110E+05           0.313E-04           0.314E-04           0.100E+01           0.959E-02
  86           0.117E+05           0.295E-04           0.296E-04           0.100E+01           0.915E-02
  88           0.120E+05           0.278E-04           0.278E-04           0.100E+01           0.898E-02
  90           0.130E+05           0.265E-04           0.265E-04           0.100E+01           0.885E-02
  92           0.131E+05           0.254E-04           0.254E-04           0.100E+01           0.868E-02
  94           0.138E+05           0.239E-04           0.239E-04           0.100E+01           0.836E-02
  96           0.145E+05           0.230E-04           0.230E-04           0.100E+01           0.834E-02
  98           0.152E+05           0.220E-04           0.221E-04           0.100E+01           0.798E-02
 100           0.159E+05           0.207E-04           0.207E-04           0.100E+01           0.786E-02
 102           0.161E+05           0.198E-04           0.199E-04           0.100E+01           0.775E-02
 104           0.171E+05           0.191E-04           0.191E-04           0.100E+01           0.763E-02
 106           0.177E+05           0.176E-04           0.176E-04           0.100E+01           0.743E-02
 108           0.182E+05           0.168E-04           0.169E-04           0.100E+01           0.739E-02
 110           0.188E+05           0.161E-04           0.161E-04           0.100E+01           0.725E-02
 112           0.196E+05           0.156E-04           0.157E-04           0.100E+01           0.703E-02
 114           0.207E+05           0.147E-04           0.147E-04           0.100E+01           0.699E-02
 116           0.210E+05           0.142E-04           0.142E-04           0.100E+01           0.690E-02
 118           0.217E+05           0.137E-04           0.138E-04           0.100E+01           0.672E-02
 120           0.229E+05           0.131E-04           0.131E-04           0.100E+01           0.664E-02
 122           0.233E+05           0.125E-04           0.125E-04           0.100E+01           0.653E-02
 124           0.243E+05           0.120E-04           0.121E-04           0.100E+01           0.633E-02
 126           0.244E+05           0.116E-04           0.116E-04           0.100E+01           0.631E-02
 128           0.258E+05           0.110E-04           0.111E-04           0.100E+01           0.616E-02
 132           0.690E+04           0.103E-04           0.103E-04           0.100E+01           0.121E-01
 136           0.738E+04           0.965E-05           0.966E-05           0.100E+01           0.116E-01
 140           0.760E+04           0.888E-05           0.889E-05           0.100E+01           0.116E-01
 144           0.823E+04           0.825E-05           0.825E-05           0.100E+01           0.111E-01
 148           0.858E+04           0.782E-05           0.783E-05           0.100E+01           0.108E-01
 152           0.913E+04           0.725E-05           0.726E-05           0.100E+01           0.103E-01
 156           0.938E+04           0.683E-05           0.684E-05           0.100E+01           0.104E-01
 160           0.101E+05           0.640E-05           0.640E-05           0.100E+01           0.991E-02
 164           0.107E+05           0.598E-05           0.599E-05           0.100E+01           0.955E-02
 168           0.110E+05           0.554E-05           0.554E-05           0.100E+01           0.950E-02
 172           0.117E+05           0.517E-05           0.517E-05           0.100E+01           0.937E-02
 176           0.120E+05           0.492E-05           0.492E-05           0.100E+01           0.905E-02
 180           0.130E+05           0.459E-05           0.459E-05           0.100E+01           0.852E-02
 184           0.131E+05           0.440E-05           0.441E-05           0.100E+01           0.872E-02
 188           0.138E+05           0.414E-05           0.415E-05           0.100E+01           0.853E-02
 192           0.145E+05           0.390E-05           0.391E-05           0.100E+01           0.828E-02
 196           0.152E+05           0.367E-05           0.368E-05           0.100E+01           0.819E-02
 200           0.159E+05           0.347E-05           0.348E-05           0.100E+01           0.798E-02
 204           0.161E+05           0.330E-05           0.331E-05           0.100E+01           0.787E-02
 208           0.171E+05           0.315E-05           0.316E-05           0.100E+01           0.752E-02
 212           0.177E+05           0.302E-05           0.303E-05           0.100E+01           0.749E-02
 216           0.182E+05           0.277E-05           0.278E-05           0.100E+01           0.740E-02
 220           0.188E+05           0.262E-05           0.262E-05           0.100E+01           0.722E-02
 224           0.196E+05           0.249E-05           0.250E-05           0.100E+01           0.710E-02
 228           0.207E+05           0.242E-05           0.243E-05           0.100E+01           0.695E-02
 232           0.210E+05           0.231E-05           0.232E-05           0.100E+01           0.686E-02
 236           0.217E+05           0.216E-05           0.217E-05           0.100E+01           0.671E-02
 240           0.229E+05           0.210E-05           0.211E-05           0.100E+01           0.662E-02
 244           0.233E+05           0.197E-05           0.198E-05           0.100E+01           0.647E-02
 248           0.243E+05           0.188E-05           0.189E-05           0.100E+01           0.641E-02
 252           0.244E+05           0.179E-05           0.180E-05           0.100E+01           0.634E-02
 256           0.258E+05           0.171E-05           0.172E-05           0.100E+01           0.619E-02
 264           0.690E+04           0.159E-05           0.159E-05           0.100E+01           0.119E-01
 272           0.738E+04           0.146E-05           0.146E-05           0.100E+01           0.117E-01
 280           0.760E+04           0.132E-05           0.132E-05           0.100E+01           0.116E-01
 288           0.823E+04           0.121E-05           0.121E-05           0.100E+01           0.111E-01
 296           0.858E+04           0.114E-05           0.114E-05           0.100E+01           0.106E-01
 304           0.913E+04           0.106E-05           0.106E-05           0.100E+01           0.104E-01
 312           0.938E+04           0.984E-06           0.985E-06           0.100E+01           0.105E-01
 320           0.101E+05           0.887E-06           0.888E-06           0.100E+01           0.991E-02
 328           0.107E+05           0.828E-06           0.829E-06           0.100E+01           0.983E-02
 336           0.110E+05           0.761E-06           0.763E-06           0.100E+01           0.945E-02
 344           0.117E+05           0.712E-06           0.713E-06           0.100E+01           0.908E-02
 352           0.120E+05           0.673E-06           0.674E-06           0.100E+01           0.907E-02
 360           0.130E+05           0.617E-06           0.618E-06           0.100E+01           0.876E-02
 368           0.131E+05           0.585E-06           0.586E-06           0.100E+01           0.876E-02
 376           0.138E+05           0.538E-06           0.539E-06           0.100E+01           0.842E-02
 384           0.145E+05           0.504E-06           0.505E-06           0.100E+01           0.831E-02
 392           0.152E+05           0.483E-06           0.484E-06           0.100E+01           0.811E-02
 400           0.159E+05           0.454E-06           0.456E-06           0.100E+01           0.780E-02
 408           0.161E+05           0.417E-06           0.418E-06           0.100E+01           0.786E-02
 416           0.171E+05           0.393E-06           0.394E-06           0.100E+01           0.769E-02
 424           0.177E+05           0.374E-06           0.376E-06           0.100E+01           0.744E-02
 432           0.182E+05           0.359E-06           0.361E-06           0.100E+01           0.752E-02
 440           0.188E+05           0.339E-06           0.340E-06           0.100E+01           0.729E-02
 448           0.196E+05           0.317E-06           0.319E-06           0.100E+01           0.707E-02
 456           0.207E+05           0.301E-06           0.302E-06           0.100E+01           0.696E-02
 464           0.210E+05           0.286E-06           0.288E-06           0.100E+01           0.682E-02
 472           0.217E+05           0.274E-06           0.275E-06           0.100E+01           0.683E-02
 480           0.229E+05           0.258E-06           0.259E-06           0.100E+01           0.663E-02
 488           0.233E+05           0.249E-06           0.250E-06           0.100E+01           0.653E-02
 496           0.243E+05           0.236E-06           0.238E-06           0.100E+01           0.643E-02
 504           0.244E+05           0.225E-06           0.226E-06           0.100E+01           0.642E-02
 512           0.258E+05           0.215E-06           0.216E-06           0.100E+01           0.622E-02
