   0           0.100E+01           0.100E+01           0.100E+01           0.100E+01           0.100E+01
   1           0.900E+01           0.110E-03           0.110E-03           0.100E+01           0.299E+00
   2           0.310E+02           0.269E-04           0.269E-04           0.100E+01           0.184E+00
   3           0.490E+02           0.122E-04           0.122E-04           0.100E+01           0.146E+00
   4           0.105E+03           0.604E-05           0.604E-05           0.100E+01           0.980E-01
   5           0.175E+03           0.371E-05           0.371E-05           0.100E+01           0.869E-01
   6           0.225E+03           0.210E-05           0.210E-05           0.100E+01           0.680E-01
   7           0.301E+03           0.142E-05           0.142E-05           0.100E+01           0.579E-01
   8           0.381E+03           0.116E-05           0.116E-05           0.100E+01           0.562E-01
   9           0.571E+03           0.818E-06           0.818E-06           0.100E+01           0.397E-01
  10           0.625E+03           0.646E-06           0.646E-06           0.100E+01           0.388E-01
  11           0.729E+03           0.559E-06           0.559E-06           0.100E+01           0.390E-01
  12           0.907E+03           0.439E-06           0.439E-06           0.100E+01           0.317E-01
  13           0.109E+04           0.361E-06           0.361E-06           0.100E+01           0.298E-01
  14           0.125E+04           0.306E-06           0.307E-06           0.100E+01           0.278E-01
  15           0.131E+04           0.273E-06           0.273E-06           0.100E+01           0.279E-01
  16           0.167E+04           0.216E-06           0.216E-06           0.100E+01           0.244E-01
  17           0.186E+04           0.188E-06           0.188E-06           0.100E+01           0.250E-01
  18           0.208E+04           0.169E-06           0.169E-06           0.100E+01           0.215E-01
  19           0.218E+04           0.151E-06           0.151E-06           0.100E+01           0.211E-01
  20           0.252E+04           0.135E-06           0.135E-06           0.100E+01           0.203E-01
  21           0.286E+04           0.121E-06           0.121E-06           0.100E+01           0.189E-01
  22           0.299E+04           0.107E-06           0.107E-06           0.100E+01           0.183E-01
  23           0.330E+04           0.987E-07           0.987E-07           0.100E+01           0.171E-01
  24           0.356E+04           0.864E-07           0.865E-07           0.100E+01           0.169E-01
  25           0.402E+04           0.792E-07           0.792E-07           0.100E+01           0.157E-01
  26           0.430E+04           0.713E-07           0.713E-07           0.100E+01           0.153E-01
  27           0.453E+04           0.654E-07           0.655E-07           0.100E+01           0.149E-01
  28           0.498E+04           0.591E-07           0.592E-07           0.100E+01           0.140E-01
  29           0.528E+04           0.564E-07           0.564E-07           0.100E+01           0.135E-01
  30           0.561E+04           0.519E-07           0.519E-07           0.100E+01           0.134E-01
  31           0.607E+04           0.471E-07           0.471E-07           0.100E+01           0.128E-01
  32           0.630E+04           0.441E-07           0.442E-07           0.100E+01           0.126E-01
  33           0.690E+04           0.414E-07           0.414E-07           0.100E+01           0.120E-01
  34           0.738E+04           0.389E-07           0.390E-07           0.100E+01           0.116E-01
  35           0.760E+04           0.356E-07           0.357E-07           0.100E+01           0.113E-01
  36           0.823E+04           0.341E-07           0.341E-07           0.100E+01           0.112E-01
  37           0.858E+04           0.318E-07           0.318E-07           0.100E+01           0.107E-01
  38           0.913E+04           0.293E-07           0.293E-07           0.100E+01           0.103E-01
  39           0.938E+04           0.279E-07           0.279E-07           0.100E+01           0.102E-01
  40           0.101E+05           0.259E-07           0.259E-07           0.100E+01           0.984E-02
  41           0.107E+05           0.244E-07           0.244E-07           0.100E+01           0.965E-02
  42           0.110E+05           0.233E-07           0.233E-07           0.100E+01           0.960E-02
  43           0.117E+05           0.219E-07           0.220E-07           0.100E+01           0.920E-02
  44           0.120E+05           0.211E-07           0.212E-07           0.100E+01           0.891E-02
  45           0.130E+05           0.197E-07           0.197E-07           0.100E+01           0.904E-02
  46           0.131E+05           0.188E-07           0.188E-07           0.100E+01           0.889E-02
  47           0.138E+05           0.179E-07           0.180E-07           0.100E+01           0.855E-02
  48           0.145E+05           0.169E-07           0.169E-07           0.100E+01           0.825E-02
  49           0.152E+05           0.161E-07           0.161E-07           0.100E+01           0.809E-02
  50           0.159E+05           0.154E-07           0.154E-07           0.100E+01           0.793E-02
  51           0.161E+05           0.147E-07           0.148E-07           0.100E+01           0.784E-02
  52           0.171E+05           0.139E-07           0.140E-07           0.100E+01           0.765E-02
  53           0.177E+05           0.136E-07           0.136E-07           0.100E+01           0.747E-02
  54           0.182E+05           0.127E-07           0.127E-07           0.100E+01           0.744E-02
  55           0.188E+05           0.124E-07           0.124E-07           0.100E+01           0.733E-02
  56           0.196E+05           0.117E-07           0.118E-07           0.100E+01           0.714E-02
  57           0.207E+05           0.111E-07           0.111E-07           0.100E+01           0.689E-02
  58           0.210E+05           0.107E-07           0.108E-07           0.100E+01           0.687E-02
  59           0.217E+05           0.104E-07           0.105E-07           0.100E+01           0.673E-02
  60           0.229E+05           0.100E-07           0.101E-07           0.100E+01           0.661E-02
  61           0.233E+05           0.956E-08           0.961E-08           0.100E+01           0.665E-02
  62           0.243E+05           0.926E-08           0.932E-08           0.100E+01           0.639E-02
  63           0.244E+05           0.892E-08           0.898E-08           0.100E+01           0.642E-02
  64           0.258E+05           0.862E-08           0.868E-08           0.100E+01           0.682E-02
  66           0.690E+04           0.800E-08           0.801E-08           0.100E+01           0.119E-01
  68           0.738E+04           0.739E-08           0.739E-08           0.100E+01           0.118E-01
  70           0.760E+04           0.684E-08           0.685E-08           0.100E+01           0.116E-01
  72           0.823E+04           0.658E-08           0.659E-08           0.100E+01           0.111E-01
  74           0.858E+04           0.597E-08           0.598E-08           0.100E+01           0.106E-01
  76           0.913E+04           0.574E-08           0.575E-08           0.100E+01           0.104E-01
  78           0.938E+04           0.553E-08           0.553E-08           0.100E+01           0.116E-01
  80           0.101E+05           0.496E-08           0.497E-08           0.100E+01           0.991E-02
  82           0.107E+05           0.471E-08           0.471E-08           0.100E+01           0.957E-02
  84           0.110E+05           0.446E-08           0.447E-08           0.100E+01           0.933E-02
  86           0.117E+05           0.428E-08           0.428E-08           0.100E+01           0.903E-02
  88           0.120E+05           0.403E-08           0.404E-08           0.100E+01           0.921E-02
  90           0.130E+05           0.394E-08           0.395E-08           0.100E+01           0.123E-01
  92           0.131E+05           0.363E-08           0.364E-08           0.100E+01           0.877E-02
  94           0.138E+05           0.344E-08           0.344E-08           0.100E+01           0.849E-02
  96           0.145E+05           0.329E-08           0.330E-08           0.100E+01           0.839E-02
  98           0.152E+05           0.317E-08           0.318E-08           0.100E+01           0.801E-02
 100           0.159E+05           0.298E-08           0.299E-08           0.100E+01           0.800E-02
 102           0.161E+05           0.285E-08           0.285E-08           0.100E+01           0.796E-02
 104           0.171E+05           0.270E-08           0.271E-08           0.100E+01           0.760E-02
 106           0.177E+05           0.260E-08           0.261E-08           0.100E+01           0.755E-02
 108           0.182E+05           0.248E-08           0.249E-08           0.100E+01           0.742E-02
 110           0.188E+05           0.240E-08           0.241E-08           0.100E+01           0.918E-02
 112           0.196E+05           0.230E-08           0.231E-08           0.100E+01           0.705E-02
 114           0.207E+05           0.216E-08           0.217E-08           0.100E+01           0.695E-02
 116           0.210E+05           0.209E-08           0.210E-08           0.100E+01           0.702E-02
 118           0.217E+05           0.201E-08           0.202E-08           0.100E+01           0.685E-02
 120           0.229E+05           0.193E-08           0.194E-08           0.100E+01           0.664E-02
 122           0.233E+05           0.186E-08           0.187E-08           0.100E+01           0.655E-02
 124           0.243E+05           0.176E-08           0.177E-08           0.100E+01           0.644E-02
 126           0.244E+05           0.171E-08           0.172E-08           0.100E+01           0.643E-02
 128           0.258E+05           0.163E-08           0.164E-08           0.100E+01           0.621E-02
 132           0.690E+04           0.153E-08           0.154E-08           0.100E+01           0.121E-01
 136           0.738E+04           0.147E-08           0.147E-08           0.100E+01           0.121E-01
 140           0.760E+04           0.141E-08           0.141E-08           0.100E+01           0.126E-01
 144           0.823E+04           0.136E-08           0.136E-08           0.100E+01           0.129E-01
 148           0.858E+04           0.135E-08           0.135E-08           0.100E+01           0.144E-01
 152           0.913E+04           0.137E-08           0.138E-08           0.100E+01           0.160E-01
 156           0.938E+04           0.144E-08           0.144E-08           0.100E+01           0.187E-01
 160           0.101E+05           0.148E-08           0.148E-08           0.100E+01           0.209E-01
 164           0.107E+05           0.155E-08           0.155E-08           0.100E+01           0.219E-01
 168           0.110E+05           0.173E-08           0.173E-08           0.100E+01           0.241E-01
 172           0.117E+05           0.181E-08           0.181E-08           0.100E+01           0.257E-01
 176           0.120E+05           0.220E-08           0.221E-08           0.100E+01           0.303E-01
 180           0.130E+05           0.247E-08           0.247E-08           0.100E+01           0.318E-01
 184           0.131E+05           0.312E-08           0.312E-08           0.100E+01           0.341E-01
 188           0.138E+05           0.357E-08           0.358E-08           0.100E+01           0.376E-01
 192           0.145E+05           0.411E-08           0.412E-08           0.100E+01           0.387E-01
 196           0.152E+05           0.543E-08           0.545E-08           0.100E+01           0.432E-01
 200           0.159E+05           0.669E-08           0.670E-08           0.100E+01           0.441E-01
 204           0.161E+05           0.767E-08           0.769E-08           0.100E+01           0.454E-01
 208           0.171E+05           0.962E-08           0.964E-08           0.100E+01           0.478E-01
 212           0.177E+05           0.141E-07           0.141E-07           0.100E+01           0.559E-01
 216           0.182E+05           0.173E-07           0.174E-07           0.100E+01           0.602E-01
 220           0.188E+05           0.223E-07           0.224E-07           0.100E+01           0.683E-01
 224           0.196E+05           0.335E-07           0.337E-07           0.100E+01           0.708E-01
 228           0.207E+05           0.434E-07           0.435E-07           0.100E+01           0.748E-01
 232           0.210E+05           0.630E-07           0.632E-07           0.100E+01           0.896E-01
 236           0.217E+05           0.894E-07           0.897E-07           0.100E+01           0.110E+00
 240           0.229E+05           0.960E-07           0.964E-07           0.100E+01           0.958E-01
 244           0.233E+05           0.124E-06           0.124E-06           0.100E+01           0.922E-01
 248           0.243E+05           0.126E-06           0.126E-06           0.100E+01           0.967E-01
 252           0.244E+05           0.141E-06           0.142E-06           0.100E+01           0.994E-01
 256           0.258E+05           0.117E-06           0.117E-06           0.100E+01           0.835E-01
 264           0.690E+04           0.124E-06           0.124E-06           0.100E+01           0.177E+00
 272           0.738E+04           0.871E-07           0.871E-07           0.100E+01           0.144E+00
 280           0.760E+04           0.667E-07           0.667E-07           0.100E+01           0.123E+00
 288           0.823E+04           0.433E-07           0.434E-07           0.100E+01           0.968E-01
 296           0.858E+04           0.359E-07           0.359E-07           0.100E+01           0.608E-01
 304           0.913E+04           0.339E-07           0.339E-07           0.100E+01           0.452E-01
 312           0.938E+04           0.314E-07           0.314E-07           0.100E+01           0.459E-01
 320           0.101E+05           0.484E-07           0.485E-07           0.100E+01           0.529E-01
 328           0.107E+05           0.422E-07           0.422E-07           0.100E+01           0.596E-01
 336           0.110E+05           0.779E-07           0.781E-07           0.100E+01           0.761E-01
 344           0.117E+05           0.766E-07           0.767E-07           0.100E+01           0.727E-01
 352           0.120E+05           0.743E-07           0.744E-07           0.100E+01           0.837E-01
 360           0.130E+05           0.123E-06           0.123E-06           0.100E+01           0.689E-01
 368           0.131E+05           0.723E-07           0.725E-07           0.100E+01           0.712E-01
 376           0.138E+05           0.925E-07           0.927E-07           0.100E+01           0.661E-01
 384           0.145E+05           0.682E-07           0.683E-07           0.100E+01           0.513E-01
 392           0.152E+05           0.529E-07           0.530E-07           0.100E+01           0.498E-01
 400           0.159E+05           0.701E-07           0.703E-07           0.100E+01           0.404E-01
 408           0.161E+05           0.517E-07           0.519E-07           0.100E+01           0.448E-01
 416           0.171E+05           0.486E-07           0.487E-07           0.100E+01           0.381E-01
 424           0.177E+05           0.539E-07           0.541E-07           0.100E+01           0.466E-01
 432           0.182E+05           0.528E-07           0.530E-07           0.100E+01           0.456E-01
 440           0.188E+05           0.526E-07           0.528E-07           0.100E+01           0.520E-01
 448           0.196E+05           0.442E-07           0.444E-07           0.100E+01           0.405E-01
 456           0.207E+05           0.530E-07           0.532E-07           0.100E+01           0.425E-01
 464           0.210E+05           0.463E-07           0.466E-07           0.100E+01           0.347E-01
 472           0.217E+05           0.423E-07           0.425E-07           0.100E+01           0.327E-01
 480           0.229E+05           0.466E-07           0.468E-07           0.100E+01           0.278E-01
 488           0.233E+05           0.483E-07           0.486E-07           0.100E+01           0.297E-01
 496           0.243E+05           0.472E-07           0.475E-07           0.100E+01           0.271E-01
 504           0.244E+05           0.476E-07           0.479E-07           0.100E+01           0.263E-01
 512           0.258E+05           0.538E-07           0.541E-07           0.100E+01           0.233E-01
