   0           0.100E+01           0.100E+01           0.100E+01           0.100E+01           0.100E+01
   1           0.900E+01           0.920E-04           0.920E-04           0.100E+01           0.296E+00
   2           0.310E+02           0.235E-04           0.235E-04           0.100E+01           0.184E+00
   3           0.490E+02           0.114E-04           0.114E-04           0.100E+01           0.147E+00
   4           0.105E+03           0.585E-05           0.585E-05           0.100E+01           0.974E-01
   5           0.175E+03           0.375E-05           0.375E-05           0.100E+01           0.868E-01
   6           0.225E+03           0.218E-05           0.218E-05           0.100E+01           0.678E-01
   7           0.301E+03           0.151E-05           0.151E-05           0.100E+01           0.580E-01
   8           0.381E+03           0.125E-05           0.125E-05           0.100E+01           0.562E-01
   9           0.571E+03           0.898E-06           0.898E-06           0.100E+01           0.399E-01
  10           0.625E+03           0.720E-06           0.720E-06           0.100E+01           0.388E-01
  11           0.729E+03           0.631E-06           0.631E-06           0.100E+01           0.390E-01
  12           0.907E+03           0.502E-06           0.502E-06           0.100E+01           0.315E-01
  13           0.109E+04           0.417E-06           0.417E-06           0.100E+01           0.298E-01
  14           0.125E+04           0.358E-06           0.358E-06           0.100E+01           0.279E-01
  15           0.131E+04           0.322E-06           0.322E-06           0.100E+01           0.279E-01
  16           0.167E+04           0.258E-06           0.258E-06           0.100E+01           0.244E-01
  17           0.186E+04           0.225E-06           0.225E-06           0.100E+01           0.251E-01
  18           0.208E+04           0.205E-06           0.205E-06           0.100E+01           0.214E-01
  19           0.218E+04           0.185E-06           0.185E-06           0.100E+01           0.211E-01
  20           0.252E+04           0.166E-06           0.166E-06           0.100E+01           0.203E-01
  21           0.286E+04           0.150E-06           0.150E-06           0.100E+01           0.190E-01
  22           0.299E+04           0.133E-06           0.133E-06           0.100E+01           0.183E-01
  23           0.330E+04           0.124E-06           0.124E-06           0.100E+01           0.170E-01
  24           0.356E+04           0.110E-06           0.110E-06           0.100E+01           0.168E-01
  25           0.402E+04           0.101E-06           0.101E-06           0.100E+01           0.158E-01
  26           0.430E+04           0.913E-07           0.913E-07           0.100E+01           0.153E-01
  27           0.453E+04           0.845E-07           0.845E-07           0.100E+01           0.149E-01
  28           0.498E+04           0.767E-07           0.767E-07           0.100E+01           0.140E-01
  29           0.528E+04           0.734E-07           0.734E-07           0.100E+01           0.135E-01
  30           0.561E+04           0.679E-07           0.680E-07           0.100E+01           0.133E-01
  31           0.607E+04           0.622E-07           0.622E-07           0.100E+01           0.128E-01
  32           0.630E+04           0.586E-07           0.586E-07           0.100E+01           0.133E-01
  33           0.690E+04           0.550E-07           0.551E-07           0.100E+01           0.119E-01
  34           0.738E+04           0.521E-07           0.521E-07           0.100E+01           0.115E-01
  35           0.760E+04           0.477E-07           0.477E-07           0.100E+01           0.113E-01
  36           0.823E+04           0.459E-07           0.459E-07           0.100E+01           0.112E-01
  37           0.858E+04           0.431E-07           0.431E-07           0.100E+01           0.107E-01
  38           0.913E+04           0.398E-07           0.398E-07           0.100E+01           0.103E-01
  39           0.938E+04           0.379E-07           0.379E-07           0.100E+01           0.103E-01
  40           0.101E+05           0.354E-07           0.354E-07           0.100E+01           0.985E-02
  41           0.107E+05           0.334E-07           0.334E-07           0.100E+01           0.959E-02
  42           0.110E+05           0.320E-07           0.320E-07           0.100E+01           0.958E-02
  43           0.117E+05           0.303E-07           0.304E-07           0.100E+01           0.922E-02
  44           0.120E+05           0.293E-07           0.294E-07           0.100E+01           0.893E-02
  45           0.130E+05           0.276E-07           0.276E-07           0.100E+01           0.102E-01
  46           0.131E+05           0.262E-07           0.262E-07           0.100E+01           0.889E-02
  47           0.138E+05           0.252E-07           0.252E-07           0.100E+01           0.854E-02
  48           0.145E+05           0.236E-07           0.237E-07           0.100E+01           0.826E-02
  49           0.152E+05           0.227E-07           0.228E-07           0.100E+01           0.812E-02
  50           0.159E+05           0.218E-07           0.218E-07           0.100E+01           0.794E-02
  51           0.161E+05           0.209E-07           0.209E-07           0.100E+01           0.783E-02
  52           0.171E+05           0.198E-07           0.199E-07           0.100E+01           0.767E-02
  53           0.177E+05           0.193E-07           0.194E-07           0.100E+01           0.749E-02
  54           0.182E+05           0.182E-07           0.182E-07           0.100E+01           0.744E-02
  55           0.188E+05           0.178E-07           0.179E-07           0.100E+01           0.791E-02
  56           0.196E+05           0.169E-07           0.169E-07           0.100E+01           0.716E-02
  57           0.207E+05           0.160E-07           0.161E-07           0.100E+01           0.686E-02
  58           0.210E+05           0.155E-07           0.156E-07           0.100E+01           0.690E-02
  59           0.217E+05           0.151E-07           0.151E-07           0.100E+01           0.672E-02
  60           0.229E+05           0.145E-07           0.146E-07           0.100E+01           0.663E-02
  61           0.233E+05           0.139E-07           0.140E-07           0.100E+01           0.662E-02
  62           0.243E+05           0.135E-07           0.136E-07           0.100E+01           0.639E-02
  63           0.244E+05           0.130E-07           0.131E-07           0.100E+01           0.644E-02
  64           0.258E+05           0.127E-07           0.128E-07           0.100E+01           0.868E-02
  66           0.690E+04           0.118E-07           0.118E-07           0.100E+01           0.118E-01
  68           0.738E+04           0.109E-07           0.109E-07           0.100E+01           0.117E-01
  70           0.760E+04           0.102E-07           0.102E-07           0.100E+01           0.115E-01
  72           0.823E+04           0.982E-08           0.983E-08           0.100E+01           0.113E-01
  74           0.858E+04           0.899E-08           0.899E-08           0.100E+01           0.107E-01
  76           0.913E+04           0.859E-08           0.860E-08           0.100E+01           0.103E-01
  78           0.938E+04           0.844E-08           0.845E-08           0.100E+01           0.142E-01
  80           0.101E+05           0.749E-08           0.750E-08           0.100E+01           0.989E-02
  82           0.107E+05           0.711E-08           0.712E-08           0.100E+01           0.952E-02
  84           0.110E+05           0.680E-08           0.681E-08           0.100E+01           0.931E-02
  86           0.117E+05           0.649E-08           0.650E-08           0.100E+01           0.900E-02
  88           0.120E+05           0.619E-08           0.620E-08           0.100E+01           0.917E-02
  90           0.130E+05           0.616E-08           0.617E-08           0.100E+01           0.185E-01
  92           0.131E+05           0.560E-08           0.561E-08           0.100E+01           0.881E-02
  94           0.138E+05           0.530E-08           0.531E-08           0.100E+01           0.852E-02
  96           0.145E+05           0.508E-08           0.510E-08           0.100E+01           0.842E-02
  98           0.152E+05           0.491E-08           0.492E-08           0.100E+01           0.802E-02
 100           0.159E+05           0.464E-08           0.465E-08           0.100E+01           0.805E-02
 102           0.161E+05           0.445E-08           0.446E-08           0.100E+01           0.813E-02
 104           0.171E+05           0.423E-08           0.424E-08           0.100E+01           0.756E-02
 106           0.177E+05           0.411E-08           0.413E-08           0.100E+01           0.765E-02
 108           0.182E+05           0.389E-08           0.390E-08           0.100E+01           0.744E-02
 110           0.188E+05           0.381E-08           0.383E-08           0.100E+01           0.118E-01
 112           0.196E+05           0.363E-08           0.364E-08           0.100E+01           0.709E-02
 114           0.207E+05           0.343E-08           0.344E-08           0.100E+01           0.694E-02
 116           0.210E+05           0.334E-08           0.335E-08           0.100E+01           0.734E-02
 118           0.217E+05           0.320E-08           0.322E-08           0.100E+01           0.680E-02
 120           0.229E+05           0.307E-08           0.308E-08           0.100E+01           0.665E-02
 122           0.233E+05           0.298E-08           0.300E-08           0.100E+01           0.659E-02
 124           0.243E+05           0.281E-08           0.282E-08           0.100E+01           0.641E-02
 126           0.244E+05           0.273E-08           0.275E-08           0.100E+01           0.645E-02
 128           0.258E+05           0.263E-08           0.264E-08           0.100E+01           0.627E-02
 132           0.690E+04           0.250E-08           0.250E-08           0.100E+01           0.122E-01
 136           0.738E+04           0.237E-08           0.237E-08           0.100E+01           0.123E-01
 140           0.760E+04           0.229E-08           0.229E-08           0.100E+01           0.127E-01
 144           0.823E+04           0.223E-08           0.223E-08           0.100E+01           0.131E-01
 148           0.858E+04           0.220E-08           0.220E-08           0.100E+01           0.141E-01
 152           0.913E+04           0.225E-08           0.226E-08           0.100E+01           0.164E-01
 156           0.938E+04           0.232E-08           0.232E-08           0.100E+01           0.187E-01
 160           0.101E+05           0.241E-08           0.241E-08           0.100E+01           0.203E-01
 164           0.107E+05           0.251E-08           0.251E-08           0.100E+01           0.212E-01
 168           0.110E+05           0.274E-08           0.274E-08           0.100E+01           0.235E-01
 172           0.117E+05           0.288E-08           0.289E-08           0.100E+01           0.259E-01
 176           0.120E+05           0.339E-08           0.339E-08           0.100E+01           0.293E-01
 180           0.130E+05           0.381E-08           0.382E-08           0.100E+01           0.304E-01
 184           0.131E+05           0.475E-08           0.476E-08           0.100E+01           0.327E-01
 188           0.138E+05           0.532E-08           0.533E-08           0.100E+01           0.368E-01
 192           0.145E+05           0.607E-08           0.608E-08           0.100E+01           0.365E-01
 196           0.152E+05           0.775E-08           0.777E-08           0.100E+01           0.416E-01
 200           0.159E+05           0.951E-08           0.953E-08           0.100E+01           0.417E-01
 204           0.161E+05           0.108E-07           0.108E-07           0.100E+01           0.433E-01
 208           0.171E+05           0.135E-07           0.135E-07           0.100E+01           0.471E-01
 212           0.177E+05           0.176E-07           0.176E-07           0.100E+01           0.532E-01
 216           0.182E+05           0.225E-07           0.226E-07           0.100E+01           0.558E-01
 220           0.188E+05           0.269E-07           0.270E-07           0.100E+01           0.602E-01
 224           0.196E+05           0.385E-07           0.387E-07           0.100E+01           0.681E-01
 228           0.207E+05           0.450E-07           0.452E-07           0.100E+01           0.667E-01
 232           0.210E+05           0.655E-07           0.658E-07           0.100E+01           0.853E-01
 236           0.217E+05           0.799E-07           0.802E-07           0.100E+01           0.878E-01
 240           0.229E+05           0.853E-07           0.856E-07           0.100E+01           0.817E-01
 244           0.233E+05           0.124E-06           0.125E-06           0.100E+01           0.912E-01
 248           0.243E+05           0.107E-06           0.108E-06           0.100E+01           0.102E+00
 252           0.244E+05           0.124E-06           0.124E-06           0.100E+01           0.868E-01
 256           0.258E+05           0.117E-06           0.118E-06           0.100E+01           0.872E-01
 264           0.690E+04           0.110E-06           0.110E-06           0.100E+01           0.182E+00
 272           0.738E+04           0.895E-07           0.896E-07           0.100E+01           0.137E+00
 280           0.760E+04           0.598E-07           0.599E-07           0.100E+01           0.926E-01
 288           0.823E+04           0.458E-07           0.458E-07           0.100E+01           0.744E-01
 296           0.858E+04           0.418E-07           0.418E-07           0.100E+01           0.536E-01
 304           0.913E+04           0.418E-07           0.418E-07           0.100E+01           0.417E-01
 312           0.938E+04           0.411E-07           0.412E-07           0.100E+01           0.447E-01
 320           0.101E+05           0.546E-07           0.546E-07           0.100E+01           0.465E-01
 328           0.107E+05           0.496E-07           0.496E-07           0.100E+01           0.518E-01
 336           0.110E+05           0.817E-07           0.818E-07           0.100E+01           0.712E-01
 344           0.117E+05           0.759E-07           0.760E-07           0.100E+01           0.632E-01
 352           0.120E+05           0.719E-07           0.720E-07           0.100E+01           0.836E-01
 360           0.130E+05           0.110E-06           0.110E-06           0.100E+01           0.581E-01
 368           0.131E+05           0.658E-07           0.659E-07           0.100E+01           0.525E-01
 376           0.138E+05           0.877E-07           0.879E-07           0.100E+01           0.541E-01
 384           0.145E+05           0.643E-07           0.645E-07           0.100E+01           0.400E-01
 392           0.152E+05           0.544E-07           0.546E-07           0.100E+01           0.427E-01
 400           0.159E+05           0.684E-07           0.686E-07           0.100E+01           0.352E-01
 408           0.161E+05           0.520E-07           0.521E-07           0.100E+01           0.358E-01
 416           0.171E+05           0.542E-07           0.543E-07           0.100E+01           0.335E-01
 424           0.177E+05           0.554E-07           0.555E-07           0.100E+01           0.329E-01
 432           0.182E+05           0.533E-07           0.535E-07           0.100E+01           0.360E-01
 440           0.188E+05           0.541E-07           0.543E-07           0.100E+01           0.367E-01
 448           0.196E+05           0.481E-07           0.483E-07           0.100E+01           0.305E-01
 456           0.207E+05           0.534E-07           0.536E-07           0.100E+01           0.309E-01
 464           0.210E+05           0.513E-07           0.516E-07           0.100E+01           0.300E-01
 472           0.217E+05           0.458E-07           0.460E-07           0.100E+01           0.239E-01
 480           0.229E+05           0.514E-07           0.517E-07           0.100E+01           0.224E-01
 488           0.233E+05           0.497E-07           0.500E-07           0.100E+01           0.205E-01
 496           0.243E+05           0.511E-07           0.514E-07           0.100E+01           0.217E-01
 504           0.244E+05           0.506E-07           0.509E-07           0.100E+01           0.193E-01
 512           0.258E+05           0.554E-07           0.558E-07           0.100E+01           0.179E-01
