   0           0.100E+01           0.100E+01           0.100E+01           0.100E+01           0.100E+01
   1           0.900E+01           0.198E-01           0.198E-01           0.100E+01           0.331E+00
   2           0.310E+02           0.111E-01           0.111E-01           0.100E+01           0.174E+00
   3           0.490E+02           0.671E-02           0.671E-02           0.100E+01           0.128E+00
   4           0.105E+03           0.550E-02           0.550E-02           0.100E+01           0.959E-01
   5           0.175E+03           0.382E-02           0.382E-02           0.100E+01           0.819E-01
   6           0.225E+03           0.326E-02           0.326E-02           0.100E+01           0.596E-01
   7           0.301E+03           0.274E-02           0.274E-02           0.100E+01           0.664E-01
   8           0.381E+03           0.275E-02           0.275E-02           0.100E+01           0.504E-01
   9           0.571E+03           0.236E-02           0.236E-02           0.100E+01           0.409E-01
  10           0.625E+03           0.205E-02           0.205E-02           0.100E+01           0.370E-01
  11           0.729E+03           0.194E-02           0.194E-02           0.100E+01           0.367E-01
  12           0.907E+03           0.187E-02           0.187E-02           0.100E+01           0.318E-01
  13           0.109E+04           0.168E-02           0.168E-02           0.100E+01           0.302E-01
  14           0.125E+04           0.159E-02           0.159E-02           0.100E+01           0.282E-01
  15           0.131E+04           0.140E-02           0.140E-02           0.100E+01           0.270E-01
  16           0.167E+04           0.132E-02           0.132E-02           0.100E+01           0.235E-01
  17           0.186E+04           0.120E-02           0.120E-02           0.100E+01           0.233E-01
  18           0.208E+04           0.111E-02           0.111E-02           0.100E+01           0.214E-01
  19           0.218E+04           0.105E-02           0.106E-02           0.100E+01           0.211E-01
  20           0.252E+04           0.100E-02           0.101E-02           0.100E+01           0.204E-01
  21           0.286E+04           0.916E-03           0.917E-03           0.100E+01           0.185E-01
  22           0.299E+04           0.853E-03           0.854E-03           0.100E+01           0.171E-01
  23           0.330E+04           0.785E-03           0.787E-03           0.100E+01           0.171E-01
  24           0.356E+04           0.737E-03           0.738E-03           0.100E+01           0.159E-01
  25           0.402E+04           0.680E-03           0.682E-03           0.100E+01           0.155E-01
  26           0.430E+04           0.665E-03           0.667E-03           0.100E+01           0.147E-01
  27           0.453E+04           0.620E-03           0.622E-03           0.100E+01           0.141E-01
  28           0.498E+04           0.569E-03           0.571E-03           0.100E+01           0.139E-01
  29           0.528E+04           0.563E-03           0.565E-03           0.100E+01           0.132E-01
  30           0.561E+04           0.522E-03           0.525E-03           0.100E+01           0.132E-01
  31           0.607E+04           0.488E-03           0.491E-03           0.100E+01           0.125E-01
  32           0.630E+04           0.466E-03           0.469E-03           0.100E+01           0.122E-01
  34           0.186E+04           0.432E-03           0.432E-03           0.100E+01           0.229E-01
  36           0.208E+04           0.398E-03           0.398E-03           0.100E+01           0.217E-01
  38           0.218E+04           0.348E-03           0.348E-03           0.100E+01           0.205E-01
  40           0.252E+04           0.318E-03           0.318E-03           0.100E+01           0.192E-01
  42           0.286E+04           0.291E-03           0.292E-03           0.100E+01           0.184E-01
  44           0.299E+04           0.260E-03           0.260E-03           0.100E+01           0.187E-01
  46           0.330E+04           0.254E-03           0.255E-03           0.100E+01           0.169E-01
  48           0.356E+04           0.230E-03           0.230E-03           0.100E+01           0.165E-01
  50           0.402E+04           0.211E-03           0.212E-03           0.100E+01           0.154E-01
  52           0.430E+04           0.205E-03           0.206E-03           0.100E+01           0.149E-01
  54           0.453E+04           0.185E-03           0.185E-03           0.100E+01           0.145E-01
  56           0.498E+04           0.177E-03           0.177E-03           0.100E+01           0.137E-01
  58           0.528E+04           0.162E-03           0.163E-03           0.100E+01           0.136E-01
  60           0.561E+04           0.150E-03           0.151E-03           0.100E+01           0.134E-01
  62           0.607E+04           0.144E-03           0.144E-03           0.100E+01           0.127E-01
  64           0.630E+04           0.133E-03           0.134E-03           0.100E+01           0.125E-01
  68           0.186E+04           0.120E-03           0.120E-03           0.100E+01           0.223E-01
  72           0.208E+04           0.106E-03           0.106E-03           0.100E+01           0.227E-01
  76           0.218E+04           0.973E-04           0.974E-04           0.100E+01           0.207E-01
  80           0.252E+04           0.876E-04           0.877E-04           0.100E+01           0.195E-01
  84           0.286E+04           0.800E-04           0.801E-04           0.100E+01           0.181E-01
  88           0.299E+04           0.672E-04           0.673E-04           0.100E+01           0.183E-01
  92           0.330E+04           0.635E-04           0.636E-04           0.100E+01           0.174E-01
  96           0.356E+04           0.602E-04           0.604E-04           0.100E+01           0.166E-01
 100           0.402E+04           0.541E-04           0.542E-04           0.100E+01           0.157E-01
 104           0.430E+04           0.481E-04           0.483E-04           0.100E+01           0.148E-01
 108           0.453E+04           0.448E-04           0.450E-04           0.100E+01           0.147E-01
 112           0.498E+04           0.418E-04           0.419E-04           0.100E+01           0.141E-01
 116           0.528E+04           0.390E-04           0.392E-04           0.100E+01           0.135E-01
 120           0.561E+04           0.360E-04           0.362E-04           0.100E+01           0.131E-01
 124           0.607E+04           0.338E-04           0.340E-04           0.100E+01           0.131E-01
 128           0.630E+04           0.313E-04           0.315E-04           0.100E+01           0.123E-01
 136           0.186E+04           0.268E-04           0.268E-04           0.100E+01           0.232E-01
 144           0.208E+04           0.240E-04           0.240E-04           0.100E+01           0.217E-01
 152           0.218E+04           0.218E-04           0.218E-04           0.100E+01           0.216E-01
 160           0.252E+04           0.193E-04           0.193E-04           0.100E+01           0.193E-01
 168           0.286E+04           0.168E-04           0.168E-04           0.100E+01           0.182E-01
 176           0.299E+04           0.152E-04           0.153E-04           0.100E+01           0.186E-01
 184           0.330E+04           0.132E-04           0.133E-04           0.100E+01           0.172E-01
 192           0.356E+04           0.125E-04           0.125E-04           0.100E+01           0.160E-01
 200           0.402E+04           0.111E-04           0.112E-04           0.100E+01           0.157E-01
 208           0.430E+04           0.101E-04           0.101E-04           0.100E+01           0.152E-01
 216           0.453E+04           0.903E-05           0.906E-05           0.100E+01           0.151E-01
 224           0.498E+04           0.838E-05           0.841E-05           0.100E+01           0.146E-01
 232           0.528E+04           0.764E-05           0.767E-05           0.100E+01           0.137E-01
 240           0.561E+04           0.684E-05           0.688E-05           0.100E+01           0.131E-01
 248           0.607E+04           0.631E-05           0.634E-05           0.100E+01           0.128E-01
 256           0.630E+04           0.598E-05           0.601E-05           0.100E+01           0.127E-01
