   0           0.100E+01           0.100E+01           0.100E+01           0.100E+01           0.100E+01
   1           0.900E+01           0.298E-03           0.298E-03           0.100E+01           0.506E+00
   2           0.310E+02           0.217E-04           0.217E-04           0.100E+01           0.159E+00
   3           0.490E+02           0.715E-05           0.715E-05           0.100E+01           0.125E+00
   4           0.105E+03           0.513E-05           0.513E-05           0.100E+01           0.105E+00
   5           0.175E+03           0.249E-05           0.249E-05           0.100E+01           0.733E-01
   6           0.225E+03           0.146E-05           0.146E-05           0.100E+01           0.588E-01
   7           0.301E+03           0.105E-05           0.105E-05           0.100E+01           0.572E-01
   8           0.381E+03           0.769E-06           0.769E-06           0.100E+01           0.477E-01
   9           0.571E+03           0.587E-06           0.587E-06           0.100E+01           0.430E-01
  10           0.625E+03           0.406E-06           0.406E-06           0.100E+01           0.394E-01
  11           0.729E+03           0.321E-06           0.321E-06           0.100E+01           0.356E-01
  12           0.907E+03           0.260E-06           0.260E-06           0.100E+01           0.333E-01
  13           0.109E+04           0.202E-06           0.202E-06           0.100E+01           0.300E-01
  14           0.125E+04           0.174E-06           0.174E-06           0.100E+01           0.269E-01
  15           0.131E+04           0.152E-06           0.152E-06           0.100E+01           0.273E-01
  16           0.167E+04           0.135E-06           0.135E-06           0.100E+01           0.253E-01
  17           0.186E+04           0.110E-06           0.110E-06           0.100E+01           0.228E-01
  18           0.208E+04           0.945E-07           0.945E-07           0.100E+01           0.217E-01
  19           0.218E+04           0.825E-07           0.826E-07           0.100E+01           0.222E-01
  20           0.252E+04           0.714E-07           0.714E-07           0.100E+01           0.197E-01
  21           0.286E+04           0.617E-07           0.617E-07           0.100E+01           0.185E-01
  22           0.299E+04           0.543E-07           0.543E-07           0.100E+01           0.183E-01
  23           0.330E+04           0.486E-07           0.486E-07           0.100E+01           0.171E-01
  24           0.356E+04           0.438E-07           0.438E-07           0.100E+01           0.169E-01
  25           0.402E+04           0.391E-07           0.391E-07           0.100E+01           0.156E-01
  26           0.430E+04           0.354E-07           0.355E-07           0.100E+01           0.156E-01
  27           0.453E+04           0.318E-07           0.318E-07           0.100E+01           0.148E-01
  28           0.498E+04           0.289E-07           0.289E-07           0.100E+01           0.143E-01
  29           0.528E+04           0.258E-07           0.258E-07           0.100E+01           0.137E-01
  30           0.561E+04           0.237E-07           0.237E-07           0.100E+01           0.133E-01
  31           0.607E+04           0.219E-07           0.219E-07           0.100E+01           0.128E-01
  32           0.630E+04           0.199E-07           0.199E-07           0.100E+01           0.130E-01
  33           0.690E+04           0.182E-07           0.182E-07           0.100E+01           0.119E-01
  34           0.738E+04           0.168E-07           0.168E-07           0.100E+01           0.116E-01
  35           0.760E+04           0.159E-07           0.159E-07           0.100E+01           0.115E-01
  36           0.823E+04           0.147E-07           0.147E-07           0.100E+01           0.114E-01
  37           0.858E+04           0.133E-07           0.133E-07           0.100E+01           0.109E-01
  38           0.913E+04           0.125E-07           0.125E-07           0.100E+01           0.104E-01
  39           0.938E+04           0.115E-07           0.115E-07           0.100E+01           0.104E-01
  40           0.101E+05           0.108E-07           0.108E-07           0.100E+01           0.995E-02
  41           0.107E+05           0.101E-07           0.102E-07           0.100E+01           0.981E-02
  42           0.110E+05           0.957E-08           0.959E-08           0.100E+01           0.945E-02
  43           0.117E+05           0.901E-08           0.902E-08           0.100E+01           0.917E-02
  44           0.120E+05           0.845E-08           0.846E-08           0.100E+01           0.921E-02
  45           0.130E+05           0.785E-08           0.787E-08           0.100E+01           0.879E-02
  46           0.131E+05           0.740E-08           0.742E-08           0.100E+01           0.883E-02
  47           0.138E+05           0.697E-08           0.699E-08           0.100E+01           0.866E-02
  48           0.145E+05           0.665E-08           0.667E-08           0.100E+01           0.832E-02
  49           0.152E+05           0.625E-08           0.627E-08           0.100E+01           0.813E-02
  50           0.159E+05           0.595E-08           0.596E-08           0.100E+01           0.806E-02
  51           0.161E+05           0.562E-08           0.563E-08           0.100E+01           0.785E-02
  52           0.171E+05           0.533E-08           0.534E-08           0.100E+01           0.757E-02
  53           0.177E+05           0.496E-08           0.498E-08           0.100E+01           0.756E-02
  54           0.182E+05           0.484E-08           0.486E-08           0.100E+01           0.746E-02
  55           0.188E+05           0.459E-08           0.461E-08           0.100E+01           0.727E-02
  56           0.196E+05           0.436E-08           0.438E-08           0.100E+01           0.720E-02
  57           0.207E+05           0.412E-08           0.414E-08           0.100E+01           0.703E-02
  58           0.210E+05           0.397E-08           0.399E-08           0.100E+01           0.684E-02
  59           0.217E+05           0.375E-08           0.376E-08           0.100E+01           0.677E-02
  60           0.229E+05           0.358E-08           0.360E-08           0.100E+01           0.667E-02
  61           0.233E+05           0.343E-08           0.345E-08           0.100E+01           0.658E-02
  62           0.243E+05           0.328E-08           0.330E-08           0.100E+01           0.641E-02
  63           0.244E+05           0.312E-08           0.314E-08           0.100E+01           0.637E-02
  64           0.258E+05           0.298E-08           0.300E-08           0.100E+01           0.619E-02
  66           0.690E+04           0.278E-08           0.278E-08           0.100E+01           0.123E-01
  68           0.738E+04           0.250E-08           0.250E-08           0.100E+01           0.116E-01
  70           0.760E+04           0.233E-08           0.234E-08           0.100E+01           0.113E-01
  72           0.823E+04           0.218E-08           0.218E-08           0.100E+01           0.112E-01
  74           0.858E+04           0.200E-08           0.200E-08           0.100E+01           0.108E-01
  76           0.913E+04           0.187E-08           0.187E-08           0.100E+01           0.106E-01
  78           0.938E+04           0.174E-08           0.174E-08           0.100E+01           0.104E-01
  80           0.101E+05           0.161E-08           0.161E-08           0.100E+01           0.990E-02
  82           0.107E+05           0.149E-08           0.149E-08           0.100E+01           0.976E-02
  84           0.110E+05           0.141E-08           0.141E-08           0.100E+01           0.954E-02
  86           0.117E+05           0.132E-08           0.132E-08           0.100E+01           0.935E-02
  88           0.120E+05           0.122E-08           0.122E-08           0.100E+01           0.910E-02
  90           0.130E+05           0.116E-08           0.116E-08           0.100E+01           0.866E-02
  92           0.131E+05           0.106E-08           0.107E-08           0.100E+01           0.871E-02
  94           0.138E+05           0.102E-08           0.102E-08           0.100E+01           0.848E-02
  96           0.145E+05           0.966E-09           0.968E-09           0.100E+01           0.833E-02
  98           0.152E+05           0.911E-09           0.913E-09           0.100E+01           0.802E-02
 100           0.159E+05           0.877E-09           0.879E-09           0.100E+01           0.794E-02
 102           0.161E+05           0.813E-09           0.815E-09           0.100E+01           0.788E-02
 104           0.171E+05           0.781E-09           0.783E-09           0.100E+01           0.770E-02
 106           0.177E+05           0.735E-09           0.738E-09           0.100E+01           0.751E-02
 108           0.182E+05           0.701E-09           0.704E-09           0.100E+01           0.742E-02
 110           0.188E+05           0.669E-09           0.671E-09           0.100E+01           0.729E-02
 112           0.196E+05           0.637E-09           0.639E-09           0.100E+01           0.711E-02
 114           0.207E+05           0.611E-09           0.614E-09           0.100E+01           0.701E-02
 116           0.210E+05           0.574E-09           0.577E-09           0.100E+01           0.688E-02
 118           0.217E+05           0.552E-09           0.555E-09           0.100E+01           0.677E-02
 120           0.229E+05           0.523E-09           0.526E-09           0.100E+01           0.661E-02
 122           0.233E+05           0.500E-09           0.503E-09           0.100E+01           0.653E-02
 124           0.243E+05           0.477E-09           0.479E-09           0.100E+01           0.644E-02
 126           0.244E+05           0.448E-09           0.450E-09           0.100E+01           0.640E-02
 128           0.258E+05           0.436E-09           0.439E-09           0.100E+01           0.623E-02
 132           0.690E+04           0.416E-09           0.416E-09           0.100E+01           0.124E-01
 136           0.738E+04           0.382E-09           0.382E-09           0.100E+01           0.120E-01
 140           0.760E+04           0.359E-09           0.359E-09           0.100E+01           0.127E-01
 144           0.823E+04           0.344E-09           0.345E-09           0.100E+01           0.133E-01
 148           0.858E+04           0.347E-09           0.347E-09           0.100E+01           0.148E-01
 152           0.913E+04           0.349E-09           0.349E-09           0.100E+01           0.168E-01
 156           0.938E+04           0.365E-09           0.366E-09           0.100E+01           0.204E-01
 160           0.101E+05           0.399E-09           0.399E-09           0.100E+01           0.223E-01
 164           0.107E+05           0.426E-09           0.427E-09           0.100E+01           0.227E-01
 168           0.110E+05           0.493E-09           0.493E-09           0.100E+01           0.285E-01
 172           0.117E+05           0.540E-09           0.541E-09           0.100E+01           0.310E-01
 176           0.120E+05           0.655E-09           0.656E-09           0.100E+01           0.333E-01
 180           0.130E+05           0.770E-09           0.771E-09           0.100E+01           0.364E-01
 184           0.131E+05           0.959E-09           0.960E-09           0.100E+01           0.402E-01
 188           0.138E+05           0.121E-08           0.121E-08           0.100E+01           0.401E-01
 192           0.145E+05           0.153E-08           0.153E-08           0.100E+01           0.417E-01
 196           0.152E+05           0.191E-08           0.191E-08           0.100E+01           0.435E-01
 200           0.159E+05           0.282E-08           0.283E-08           0.100E+01           0.510E-01
 204           0.161E+05           0.329E-08           0.330E-08           0.100E+01           0.516E-01
 208           0.171E+05           0.466E-08           0.467E-08           0.100E+01           0.588E-01
 212           0.177E+05           0.662E-08           0.664E-08           0.100E+01           0.661E-01
 216           0.182E+05           0.890E-08           0.893E-08           0.100E+01           0.713E-01
 220           0.188E+05           0.153E-07           0.154E-07           0.100E+01           0.812E-01
 224           0.196E+05           0.261E-07           0.262E-07           0.100E+01           0.101E+00
 228           0.207E+05           0.381E-07           0.383E-07           0.100E+01           0.172E+00
 232           0.210E+05           0.621E-07           0.624E-07           0.100E+01           0.124E+00
 236           0.217E+05           0.812E-07           0.815E-07           0.100E+01           0.125E+00
 240           0.229E+05           0.997E-07           0.100E-06           0.100E+01           0.131E+00
 244           0.233E+05           0.135E-06           0.135E-06           0.100E+01           0.122E+00
 248           0.243E+05           0.158E-06           0.159E-06           0.100E+01           0.120E+00
 252           0.244E+05           0.191E-06           0.192E-06           0.100E+01           0.153E+00
 256           0.258E+05           0.164E-06           0.164E-06           0.100E+01           0.143E+00
 264           0.690E+04           0.114E-06           0.114E-06           0.100E+01           0.245E+00
 272           0.738E+04           0.952E-07           0.952E-07           0.100E+01           0.186E+00
 280           0.760E+04           0.606E-07           0.606E-07           0.100E+01           0.156E+00
 288           0.823E+04           0.384E-07           0.384E-07           0.100E+01           0.156E+00
 296           0.858E+04           0.219E-07           0.219E-07           0.100E+01           0.109E+00
 304           0.913E+04           0.173E-07           0.173E-07           0.100E+01           0.613E-01
 312           0.938E+04           0.164E-07           0.164E-07           0.100E+01           0.576E-01
 320           0.101E+05           0.334E-07           0.335E-07           0.100E+01           0.750E-01
 328           0.107E+05           0.289E-07           0.289E-07           0.100E+01           0.892E-01
 336           0.110E+05           0.799E-07           0.800E-07           0.100E+01           0.995E-01
 344           0.117E+05           0.881E-07           0.882E-07           0.100E+01           0.995E-01
 352           0.120E+05           0.805E-07           0.806E-07           0.100E+01           0.139E+00
 360           0.130E+05           0.171E-06           0.171E-06           0.100E+01           0.847E-01
 368           0.131E+05           0.864E-07           0.865E-07           0.100E+01           0.113E+00
 376           0.138E+05           0.124E-06           0.124E-06           0.100E+01           0.922E-01
 384           0.145E+05           0.682E-07           0.683E-07           0.100E+01           0.747E-01
 392           0.152E+05           0.498E-07           0.499E-07           0.100E+01           0.773E-01
 400           0.159E+05           0.675E-07           0.677E-07           0.100E+01           0.568E-01
 408           0.161E+05           0.411E-07           0.412E-07           0.100E+01           0.594E-01
 416           0.171E+05           0.411E-07           0.412E-07           0.100E+01           0.618E-01
 424           0.177E+05           0.503E-07           0.505E-07           0.100E+01           0.696E-01
 432           0.182E+05           0.558E-07           0.560E-07           0.100E+01           0.736E-01
 440           0.188E+05           0.579E-07           0.581E-07           0.100E+01           0.805E-01
 448           0.196E+05           0.429E-07           0.431E-07           0.100E+01           0.714E-01
 456           0.207E+05           0.552E-07           0.554E-07           0.100E+01           0.789E-01
 464           0.210E+05           0.467E-07           0.469E-07           0.100E+01           0.612E-01
 472           0.217E+05           0.353E-07           0.355E-07           0.100E+01           0.574E-01
 480           0.229E+05           0.395E-07           0.397E-07           0.100E+01           0.482E-01
 488           0.233E+05           0.389E-07           0.391E-07           0.100E+01           0.486E-01
 496           0.243E+05           0.392E-07           0.394E-07           0.100E+01           0.594E-01
 504           0.244E+05           0.384E-07           0.386E-07           0.100E+01           0.542E-01
 512           0.258E+05           0.442E-07           0.445E-07           0.100E+01           0.448E-01
